8180
4
8181
2,8181
10
8
11
6,11
8182
5,8182
7,8,8182
24
15
25
13,25
21
19
22
17,22
26
16,26
18,19,26
8183
12,8183
14,15,8183
20,21,22,8183
54
30
55
28,55
36
34
37
32,37
56
31,56
33,34,56
50
41
51
39,51
47
45
48
43,48
52
42,52
44,45,52
57
38,57
40,41,57
46,47,48,57
8184
27,8184
29,30,8184
35,36,37,8184
49,50,51,52,8184
116
61
117
59,117
67
65
68
63,68
118
62,118
64,65,118
81
72
82
70,82
78
76
79
74,79
83
73,83
75,76,83
119
69,119
71,72,119
77,78,79,119
111
87
112
85,112
93
91
94
89,94
113
88,113
90,91,113
107
98
108
96,108
104
102
105
100,105
109
99,109
101,102,109
114
95,114
97,98,114
103,104,105,114
120
84,120
86,87,120
92,93,94,120
106,107,108,109,120
8185
58,8185
60,61,8185
66,67,68,8185
80,81,82,83,8185
110,111,112,113,114,8185
242
124
243
122,243
130
128
131
126,131
244
125,244
127,128,244
144
135
145
133,145
141
139
142
137,142
146
136,146
138,139,146
245
132,245
134,135,245
140,141,142,245
174
150
175
148,175
156
154
157
152,157
176
151,176
153,154,176
170
161
171
159,171
167
165
168
163,168
172
162,172
164,165,172
177
158,177
160,161,177
166,167,168,177
246
147,246
149,150,246
155,156,157,246
169,170,171,172,246
236
181
237
179,237
187
185
188
183,188
238
182,238
184,185,238
201
192
202
190,202
198
196
199
194,199
203
193,203
195,196,203
239
189,239
191,192,239
197,198,199,239
231
207
232
205,232
213
211
214
209,214
233
208,233
210,211,233
227
218
228
216,228
224
222
225
220,225
229
219,229
221,222,229
234
215,234
217,218,234
223,224,225,234
240
204,240
206,207,240
212,213,214,240
226,227,228,229,240
247
178,247
180,181,247
186,187,188,247
200,201,202,203,247
230,231,232,233,234,247
8186
121,8186
123,124,8186
129,130,131,8186
143,144,145,146,8186
173,174,175,176,177,8186
235,236,237,238,239,240,8186
496
251
497
249,497
257
255
258
253,258
498
252,498
254,255,498
271
262
272
260,272
268
266
269
264,269
273
263,273
265,266,273
499
259,499
261,262,499
267,268,269,499
301
277
302
275,302
283
281
284
279,284
303
278,303
280,281,303
297
288
298
286,298
294
292
295
290,295
299
289,299
291,292,299
304
285,304
287,288,304
293,294,295,304
500
274,500
276,277,500
282,283,284,500
296,297,298,299,500
363
308
364
306,364
314
312
315
310,315
365
309,365
311,312,365
328
319
329
317,329
325
323
326
321,326
330
320,330
322,323,330
366
316,366
318,319,366
324,325,326,366
358
334
359
332,359
340
338
341
336,341
360
335,360
337,338,360
354
345
355
343,355
351
349
352
347,352
356
346,356
348,349,356
361
342,361
344,345,361
350,351,352,361
367
331,367
333,334,367
339,340,341,367
353,354,355,356,367
501
305,501
307,308,501
313,314,315,501
327,328,329,330,501
357,358,359,360,361,501
489
371
490
369,490
377
375
378
373,378
491
372,491
374,375,491
391
382
392
380,392
388
386
389
384,389
393
383,393
385,386,393
492
379,492
381,382,492
387,388,389,492
421
397
422
395,422
403
401
404
399,404
423
398,423
400,401,423
417
408
418
406,418
414
412
415
410,415
419
409,419
411,412,419
424
405,424
407,408,424
413,414,415,424
493
394,493
396,397,493
402,403,404,493
416,417,418,419,493
483
428
484
426,484
434
432
435
430,435
485
429,485
431,432,485
448
439
449
437,449
445
443
446
441,446
450
440,450
442,443,450
486
436,486
438,439,486
444,445,446,486
478
454
479
452,479
460
458
461
456,461
480
455,480
457,458,480
474
465
475
463,475
471
469
472
467,472
476
466,476
468,469,476
481
462,481
464,465,481
470,471,472,481
487
451,487
453,454,487
459,460,461,487
473,474,475,476,487
494
425,494
427,428,494
433,434,435,494
447,448,449,450,494
477,478,479,480,481,494
502
368,502
370,371,502
376,377,378,502
390,391,392,393,502
420,421,422,423,424,502
482,483,484,485,486,487,502
8187
248,8187
250,251,8187
256,257,258,8187
270,271,272,273,8187
300,301,302,303,304,8187
362,363,364,365,366,367,8187
488,489,490,491,492,493,494,8187
1006
506
1007
504,1007
512
510
513
508,513
1008
507,1008
509,510,1008
526
517
527
515,527
523
521
524
519,524
528
518,528
520,521,528
1009
514,1009
516,517,1009
522,523,524,1009
556
532
557
530,557
538
536
539
534,539
558
533,558
535,536,558
552
543
553
541,553
549
547
550
545,550
554
544,554
546,547,554
559
540,559
542,543,559
548,549,550,559
1010
529,1010
531,532,1010
537,538,539,1010
551,552,553,554,1010
618
563
619
561,619
569
567
570
565,570
620
564,620
566,567,620
583
574
584
572,584
580
578
581
576,581
585
575,585
577,578,585
621
571,621
573,574,621
579,580,581,621
613
589
614
587,614
595
593
596
591,596
615
590,615
592,593,615
609
600
610
598,610
606
604
607
602,607
611
601,611
603,604,611
616
597,616
599,600,616
605,606,607,616
622
586,622
588,589,622
594,595,596,622
608,609,610,611,622
1011
560,1011
562,563,1011
568,569,570,1011
582,583,584,585,1011
612,613,614,615,616,1011
744
626
745
624,745
632
630
633
628,633
746
627,746
629,630,746
646
637
647
635,647
643
641
644
639,644
648
638,648
640,641,648
747
634,747
636,637,747
642,643,644,747
676
652
677
650,677
658
656
659
654,659
678
653,678
655,656,678
672
663
673
661,673
669
667
670
665,670
674
664,674
666,667,674
679
660,679
662,663,679
668,669,670,679
748
649,748
651,652,748
657,658,659,748
671,672,673,674,748
738
683
739
681,739
689
687
690
685,690
740
684,740
686,687,740
703
694
704
692,704
700
698
701
696,701
705
695,705
697,698,705
741
691,741
693,694,741
699,700,701,741
733
709
734
707,734
715
713
716
711,716
735
710,735
712,713,735
729
720
730
718,730
726
724
727
722,727
731
721,731
723,724,731
736
717,736
719,720,736
725,726,727,736
742
706,742
708,709,742
714,715,716,742
728,729,730,731,742
749
680,749
682,683,749
688,689,690,749
702,703,704,705,749
732,733,734,735,736,749
1012
623,1012
625,626,1012
631,632,633,1012
645,646,647,648,1012
675,676,677,678,679,1012
737,738,739,740,741,742,1012
998
753
999
751,999
759
757
760
755,760
1000
754,1000
756,757,1000
773
764
774
762,774
770
768
771
766,771
775
765,775
767,768,775
1001
761,1001
763,764,1001
769,770,771,1001
803
779
804
777,804
785
783
786
781,786
805
780,805
782,783,805
799
790
800
788,800
796
794
797
792,797
801
791,801
793,794,801
806
787,806
789,790,806
795,796,797,806
1002
776,1002
778,779,1002
784,785,786,1002
798,799,800,801,1002
865
810
866
808,866
816
814
817
812,817
867
811,867
813,814,867
830
821
831
819,831
827
825
828
823,828
832
822,832
824,825,832
868
818,868
820,821,868
826,827,828,868
860
836
861
834,861
842
840
843
838,843
862
837,862
839,840,862
856
847
857
845,857
853
851
854
849,854
858
848,858
850,851,858
863
844,863
846,847,863
852,853,854,863
869
833,869
835,836,869
841,842,843,869
855,856,857,858,869
1003
807,1003
809,810,1003
815,816,817,1003
829,830,831,832,1003
859,860,861,862,863,1003
991
873
992
871,992
879
877
880
875,880
993
874,993
876,877,993
893
884
894
882,894
890
888
891
886,891
895
885,895
887,888,895
994
881,994
883,884,994
889,890,891,994
923
899
924
897,924
905
903
906
901,906
925
900,925
902,903,925
919
910
920
908,920
916
914
917
912,917
921
911,921
913,914,921
926
907,926
909,910,926
915,916,917,926
995
896,995
898,899,995
904,905,906,995
918,919,920,921,995
985
930
986
928,986
936
934
937
932,937
987
931,987
933,934,987
950
941
951
939,951
947
945
948
943,948
952
942,952
944,945,952
988
938,988
940,941,988
946,947,948,988
980
956
981
954,981
962
960
963
958,963
982
957,982
959,960,982
976
967
977
965,977
973
971
974
969,974
978
968,978
970,971,978
983
964,983
966,967,983
972,973,974,983
989
953,989
955,956,989
961,962,963,989
975,976,977,978,989
996
927,996
929,930,996
935,936,937,996
949,950,951,952,996
979,980,981,982,983,996
1004
870,1004
872,873,1004
878,879,880,1004
892,893,894,895,1004
922,923,924,925,926,1004
984,985,986,987,988,989,1004
1013
750,1013
752,753,1013
758,759,760,1013
772,773,774,775,1013
802,803,804,805,806,1013
864,865,866,867,868,869,1013
990,991,992,993,994,995,996,1013
8188
503,8188
505,506,8188
511,512,513,8188
525,526,527,528,8188
555,556,557,558,559,8188
617,618,619,620,621,622,8188
743,744,745,746,747,748,749,8188
997,998,999,1000,1001,1002,1003,1004,8188
2028
1017
2029
1015,2029
1023
1021
1024
1019,1024
2030
1018,2030
1020,1021,2030
1037
1028
1038
1026,1038
1034
1032
1035
1030,1035
1039
1029,1039
1031,1032,1039
2031
1025,2031
1027,1028,2031
1033,1034,1035,2031
1067
1043
1068
1041,1068
1049
1047
1050
1045,1050
1069
1044,1069
1046,1047,1069
1063
1054
1064
1052,1064
1060
1058
1061
1056,1061
1065
1055,1065
1057,1058,1065
1070
1051,1070
1053,1054,1070
1059,1060,1061,1070
2032
1040,2032
1042,1043,2032
1048,1049,1050,2032
1062,1063,1064,1065,2032
1129
1074
1130
1072,1130
1080
1078
1081
1076,1081
1131
1075,1131
1077,1078,1131
1094
1085
1095
1083,1095
1091
1089
1092
1087,1092
1096
1086,1096
1088,1089,1096
1132
1082,1132
1084,1085,1132
1090,1091,1092,1132
1124
1100
1125
1098,1125
1106
1104
1107
1102,1107
1126
1101,1126
1103,1104,1126
1120
1111
1121
1109,1121
1117
1115
1118
1113,1118
1122
1112,1122
1114,1115,1122
1127
1108,1127
1110,1111,1127
1116,1117,1118,1127
1133
1097,1133
1099,1100,1133
1105,1106,1107,1133
1119,1120,1121,1122,1133
2033
1071,2033
1073,1074,2033
1079,1080,1081,2033
1093,1094,1095,1096,2033
1123,1124,1125,1126,1127,2033
1255
1137
1256
1135,1256
1143
1141
1144
1139,1144
1257
1138,1257
1140,1141,1257
1157
1148
1158
1146,1158
1154
1152
1155
1150,1155
1159
1149,1159
1151,1152,1159
1258
1145,1258
1147,1148,1258
1153,1154,1155,1258
1187
1163
1188
1161,1188
1169
1167
1170
1165,1170
1189
1164,1189
1166,1167,1189
1183
1174
1184
1172,1184
1180
1178
1181
1176,1181
1185
1175,1185
1177,1178,1185
1190
1171,1190
1173,1174,1190
1179,1180,1181,1190
1259
1160,1259
1162,1163,1259
1168,1169,1170,1259
1182,1183,1184,1185,1259
1249
1194
1250
1192,1250
1200
1198
1201
1196,1201
1251
1195,1251
1197,1198,1251
1214
1205
1215
1203,1215
1211
1209
1212
1207,1212
1216
1206,1216
1208,1209,1216
1252
1202,1252
1204,1205,1252
1210,1211,1212,1252
1244
1220
1245
1218,1245
1226
1224
1227
1222,1227
1246
1221,1246
1223,1224,1246
1240
1231
1241
1229,1241
1237
1235
1238
1233,1238
1242
1232,1242
1234,1235,1242
1247
1228,1247
1230,1231,1247
1236,1237,1238,1247
1253
1217,1253
1219,1220,1253
1225,1226,1227,1253
1239,1240,1241,1242,1253
1260
1191,1260
1193,1194,1260
1199,1200,1201,1260
1213,1214,1215,1216,1260
1243,1244,1245,1246,1247,1260
2034
1134,2034
1136,1137,2034
1142,1143,1144,2034
1156,1157,1158,1159,2034
1186,1187,1188,1189,1190,2034
1248,1249,1250,1251,1252,1253,2034
1509
1264
1510
1262,1510
1270
1268
1271
1266,1271
1511
1265,1511
1267,1268,1511
1284
1275
1285
1273,1285
1281
1279
1282
1277,1282
1286
1276,1286
1278,1279,1286
1512
1272,1512
1274,1275,1512
1280,1281,1282,1512
1314
1290
1315
1288,1315
1296
1294
1297
1292,1297
1316
1291,1316
1293,1294,1316
1310
1301
1311
1299,1311
1307
1305
1308
1303,1308
1312
1302,1312
1304,1305,1312
1317
1298,1317
1300,1301,1317
1306,1307,1308,1317
1513
1287,1513
1289,1290,1513
1295,1296,1297,1513
1309,1310,1311,1312,1513
1376
1321
1377
1319,1377
1327
1325
1328
1323,1328
1378
1322,1378
1324,1325,1378
1341
1332
1342
1330,1342
1338
1336
1339
1334,1339
1343
1333,1343
1335,1336,1343
1379
1329,1379
1331,1332,1379
1337,1338,1339,1379
1371
1347
1372
1345,1372
1353
1351
1354
1349,1354
1373
1348,1373
1350,1351,1373
1367
1358
1368
1356,1368
1364
1362
1365
1360,1365
1369
1359,1369
1361,1362,1369
1374
1355,1374
1357,1358,1374
1363,1364,1365,1374
1380
1344,1380
1346,1347,1380
1352,1353,1354,1380
1366,1367,1368,1369,1380
1514
1318,1514
1320,1321,1514
1326,1327,1328,1514
1340,1341,1342,1343,1514
1370,1371,1372,1373,1374,1514
1502
1384
1503
1382,1503
1390
1388
1391
1386,1391
1504
1385,1504
1387,1388,1504
1404
1395
1405
1393,1405
1401
1399
1402
1397,1402
1406
1396,1406
1398,1399,1406
1505
1392,1505
1394,1395,1505
1400,1401,1402,1505
1434
1410
1435
1408,1435
1416
1414
1417
1412,1417
1436
1411,1436
1413,1414,1436
1430
1421
1431
1419,1431
1427
1425
1428
1423,1428
1432
1422,1432
1424,1425,1432
1437
1418,1437
1420,1421,1437
1426,1427,1428,1437
1506
1407,1506
1409,1410,1506
1415,1416,1417,1506
1429,1430,1431,1432,1506
1496
1441
1497
1439,1497
1447
1445
1448
1443,1448
1498
1442,1498
1444,1445,1498
1461
1452
1462
1450,1462
1458
1456
1459
1454,1459
1463
1453,1463
1455,1456,1463
1499
1449,1499
1451,1452,1499
1457,1458,1459,1499
1491
1467
1492
1465,1492
1473
1471
1474
1469,1474
1493
1468,1493
1470,1471,1493
1487
1478
1488
1476,1488
1484
1482
1485
1480,1485
1489
1479,1489
1481,1482,1489
1494
1475,1494
1477,1478,1494
1483,1484,1485,1494
1500
1464,1500
1466,1467,1500
1472,1473,1474,1500
1486,1487,1488,1489,1500
1507
1438,1507
1440,1441,1507
1446,1447,1448,1507
1460,1461,1462,1463,1507
1490,1491,1492,1493,1494,1507
1515
1381,1515
1383,1384,1515
1389,1390,1391,1515
1403,1404,1405,1406,1515
1433,1434,1435,1436,1437,1515
1495,1496,1497,1498,1499,1500,1515
2035
1261,2035
1263,1264,2035
1269,1270,1271,2035
1283,1284,1285,1286,2035
1313,1314,1315,1316,1317,2035
1375,1376,1377,1378,1379,1380,2035
1501,1502,1503,1504,1505,1506,1507,2035
2019
1519
2020
1517,2020
1525
1523
1526
1521,1526
2021
1520,2021
1522,1523,2021
1539
1530
1540
1528,1540
1536
1534
1537
1532,1537
1541
1531,1541
1533,1534,1541
2022
1527,2022
1529,1530,2022
1535,1536,1537,2022
1569
1545
1570
1543,1570
1551
1549
1552
1547,1552
1571
1546,1571
1548,1549,1571
1565
1556
1566
1554,1566
1562
1560
1563
1558,1563
1567
1557,1567
1559,1560,1567
1572
1553,1572
1555,1556,1572
1561,1562,1563,1572
2023
1542,2023
1544,1545,2023
1550,1551,1552,2023
1564,1565,1566,1567,2023
1631
1576
1632
1574,1632
1582
1580
1583
1578,1583
1633
1577,1633
1579,1580,1633
1596
1587
1597
1585,1597
1593
1591
1594
1589,1594
1598
1588,1598
1590,1591,1598
1634
1584,1634
1586,1587,1634
1592,1593,1594,1634
1626
1602
1627
1600,1627
1608
1606
1609
1604,1609
1628
1603,1628
1605,1606,1628
1622
1613
1623
1611,1623
1619
1617
1620
1615,1620
1624
1614,1624
1616,1617,1624
1629
1610,1629
1612,1613,1629
1618,1619,1620,1629
1635
1599,1635
1601,1602,1635
1607,1608,1609,1635
1621,1622,1623,1624,1635
2024
1573,2024
1575,1576,2024
1581,1582,1583,2024
1595,1596,1597,1598,2024
1625,1626,1627,1628,1629,2024
1757
1639
1758
1637,1758
1645
1643
1646
1641,1646
1759
1640,1759
1642,1643,1759
1659
1650
1660
1648,1660
1656
1654
1657
1652,1657
1661
1651,1661
1653,1654,1661
1760
1647,1760
1649,1650,1760
1655,1656,1657,1760
1689
1665
1690
1663,1690
1671
1669
1672
1667,1672
1691
1666,1691
1668,1669,1691
1685
1676
1686
1674,1686
1682
1680
1683
1678,1683
1687
1677,1687
1679,1680,1687
1692
1673,1692
1675,1676,1692
1681,1682,1683,1692
1761
1662,1761
1664,1665,1761
1670,1671,1672,1761
1684,1685,1686,1687,1761
1751
1696
1752
1694,1752
1702
1700
1703
1698,1703
1753
1697,1753
1699,1700,1753
1716
1707
1717
1705,1717
1713
1711
1714
1709,1714
1718
1708,1718
1710,1711,1718
1754
1704,1754
1706,1707,1754
1712,1713,1714,1754
1746
1722
1747
1720,1747
1728
1726
1729
1724,1729
1748
1723,1748
1725,1726,1748
1742
1733
1743
1731,1743
1739
1737
1740
1735,1740
1744
1734,1744
1736,1737,1744
1749
1730,1749
1732,1733,1749
1738,1739,1740,1749
1755
1719,1755
1721,1722,1755
1727,1728,1729,1755
1741,1742,1743,1744,1755
1762
1693,1762
1695,1696,1762
1701,1702,1703,1762
1715,1716,1717,1718,1762
1745,1746,1747,1748,1749,1762
2025
1636,2025
1638,1639,2025
1644,1645,1646,2025
1658,1659,1660,1661,2025
1688,1689,1690,1691,1692,2025
1750,1751,1752,1753,1754,1755,2025
2011
1766
2012
1764,2012
1772
1770
1773
1768,1773
2013
1767,2013
1769,1770,2013
1786
1777
1787
1775,1787
1783
1781
1784
1779,1784
1788
1778,1788
1780,1781,1788
2014
1774,2014
1776,1777,2014
1782,1783,1784,2014
1816
1792
1817
1790,1817
1798
1796
1799
1794,1799
1818
1793,1818
1795,1796,1818
1812
1803
1813
1801,1813
1809
1807
1810
1805,1810
1814
1804,1814
1806,1807,1814
1819
1800,1819
1802,1803,1819
1808,1809,1810,1819
2015
1789,2015
1791,1792,2015
1797,1798,1799,2015
1811,1812,1813,1814,2015
1878
1823
1879
1821,1879
1829
1827
1830
1825,1830
1880
1824,1880
1826,1827,1880
1843
1834
1844
1832,1844
1840
1838
1841
1836,1841
1845
1835,1845
1837,1838,1845
1881
1831,1881
1833,1834,1881
1839,1840,1841,1881
1873
1849
1874
1847,1874
1855
1853
1856
1851,1856
1875
1850,1875
1852,1853,1875
1869
1860
1870
1858,1870
1866
1864
1867
1862,1867
1871
1861,1871
1863,1864,1871
1876
1857,1876
1859,1860,1876
1865,1866,1867,1876
1882
1846,1882
1848,1849,1882
1854,1855,1856,1882
1868,1869,1870,1871,1882
2016
1820,2016
1822,1823,2016
1828,1829,1830,2016
1842,1843,1844,1845,2016
1872,1873,1874,1875,1876,2016
2004
1886
2005
1884,2005
1892
1890
1893
1888,1893
2006
1887,2006
1889,1890,2006
1906
1897
1907
1895,1907
1903
1901
1904
1899,1904
1908
1898,1908
1900,1901,1908
2007
1894,2007
1896,1897,2007
1902,1903,1904,2007
1936
1912
1937
1910,1937
1918
1916
1919
1914,1919
1938
1913,1938
1915,1916,1938
1932
1923
1933
1921,1933
1929
1927
1930
1925,1930
1934
1924,1934
1926,1927,1934
1939
1920,1939
1922,1923,1939
1928,1929,1930,1939
2008
1909,2008
1911,1912,2008
1917,1918,1919,2008
1931,1932,1933,1934,2008
1998
1943
1999
1941,1999
1949
1947
1950
1945,1950
2000
1944,2000
1946,1947,2000
1963
1954
1964
1952,1964
1960
1958
1961
1956,1961
1965
1955,1965
1957,1958,1965
2001
1951,2001
1953,1954,2001
1959,1960,1961,2001
1993
1969
1994
1967,1994
1975
1973
1976
1971,1976
1995
1970,1995
1972,1973,1995
1989
1980
1990
1978,1990
1986
1984
1987
1982,1987
1991
1981,1991
1983,1984,1991
1996
1977,1996
1979,1980,1996
1985,1986,1987,1996
2002
1966,2002
1968,1969,2002
1974,1975,1976,2002
1988,1989,1990,1991,2002
2009
1940,2009
1942,1943,2009
1948,1949,1950,2009
1962,1963,1964,1965,2009
1992,1993,1994,1995,1996,2009
2017
1883,2017
1885,1886,2017
1891,1892,1893,2017
1905,1906,1907,1908,2017
1935,1936,1937,1938,1939,2017
1997,1998,1999,2000,2001,2002,2017
2026
1763,2026
1765,1766,2026
1771,1772,1773,2026
1785,1786,1787,1788,2026
1815,1816,1817,1818,1819,2026
1877,1878,1879,1880,1881,1882,2026
2003,2004,2005,2006,2007,2008,2009,2026
2036
1516,2036
1518,1519,2036
1524,1525,1526,2036
1538,1539,1540,1541,2036
1568,1569,1570,1571,1572,2036
1630,1631,1632,1633,1634,1635,2036
1756,1757,1758,1759,1760,1761,1762,2036
2010,2011,2012,2013,2014,2015,2016,2017,2036
8189
1014,8189
1016,1017,8189
1022,1023,1024,8189
1036,1037,1038,1039,8189
1066,1067,1068,1069,1070,8189
1128,1129,1130,1131,1132,1133,8189
1254,1255,1256,1257,1258,1259,1260,8189
1508,1509,1510,1511,1512,1513,1514,1515,8189
2018,2019,2020,2021,2022,2023,2024,2025,2026,8189
4074
2040
4075
2038,4075
2046
2044
2047
2042,2047
4076
2041,4076
2043,2044,4076
2060
2051
2061
2049,2061
2057
2055
2058
2053,2058
2062
2052,2062
2054,2055,2062
4077
2048,4077
2050,2051,4077
2056,2057,2058,4077
2090
2066
2091
2064,2091
2072
2070
2073
2068,2073
2092
2067,2092
2069,2070,2092
2086
2077
2087
2075,2087
2083
2081
2084
2079,2084
2088
2078,2088
2080,2081,2088
2093
2074,2093
2076,2077,2093
2082,2083,2084,2093
4078
2063,4078
2065,2066,4078
2071,2072,2073,4078
2085,2086,2087,2088,4078
2152
2097
2153
2095,2153
2103
2101
2104
2099,2104
2154
2098,2154
2100,2101,2154
2117
2108
2118
2106,2118
2114
2112
2115
2110,2115
2119
2109,2119
2111,2112,2119
2155
2105,2155
2107,2108,2155
2113,2114,2115,2155
2147
2123
2148
2121,2148
2129
2127
2130
2125,2130
2149
2124,2149
2126,2127,2149
2143
2134
2144
2132,2144
2140
2138
2141
2136,2141
2145
2135,2145
2137,2138,2145
2150
2131,2150
2133,2134,2150
2139,2140,2141,2150
2156
2120,2156
2122,2123,2156
2128,2129,2130,2156
2142,2143,2144,2145,2156
4079
2094,4079
2096,2097,4079
2102,2103,2104,4079
2116,2117,2118,2119,4079
2146,2147,2148,2149,2150,4079
2278
2160
2279
2158,2279
2166
2164
2167
2162,2167
2280
2161,2280
2163,2164,2280
2180
2171
2181
2169,2181
2177
2175
2178
2173,2178
2182
2172,2182
2174,2175,2182
2281
2168,2281
2170,2171,2281
2176,2177,2178,2281
2210
2186
2211
2184,2211
2192
2190
2193
2188,2193
2212
2187,2212
2189,2190,2212
2206
2197
2207
2195,2207
2203
2201
2204
2199,2204
2208
2198,2208
2200,2201,2208
2213
2194,2213
2196,2197,2213
2202,2203,2204,2213
2282
2183,2282
2185,2186,2282
2191,2192,2193,2282
2205,2206,2207,2208,2282
2272
2217
2273
2215,2273
2223
2221
2224
2219,2224
2274
2218,2274
2220,2221,2274
2237
2228
2238
2226,2238
2234
2232
2235
2230,2235
2239
2229,2239
2231,2232,2239
2275
2225,2275
2227,2228,2275
2233,2234,2235,2275
2267
2243
2268
2241,2268
2249
2247
2250
2245,2250
2269
2244,2269
2246,2247,2269
2263
2254
2264
2252,2264
2260
2258
2261
2256,2261
2265
2255,2265
2257,2258,2265
2270
2251,2270
2253,2254,2270
2259,2260,2261,2270
2276
2240,2276
2242,2243,2276
2248,2249,2250,2276
2262,2263,2264,2265,2276
2283
2214,2283
2216,2217,2283
2222,2223,2224,2283
2236,2237,2238,2239,2283
2266,2267,2268,2269,2270,2283
4080
2157,4080
2159,2160,4080
2165,2166,2167,4080
2179,2180,2181,2182,4080
2209,2210,2211,2212,2213,4080
2271,2272,2273,2274,2275,2276,4080
2532
2287
2533
2285,2533
2293
2291
2294
2289,2294
2534
2288,2534
2290,2291,2534
2307
2298
2308
2296,2308
2304
2302
2305
2300,2305
2309
2299,2309
2301,2302,2309
2535
2295,2535
2297,2298,2535
2303,2304,2305,2535
2337
2313
2338
2311,2338
2319
2317
2320
2315,2320
2339
2314,2339
2316,2317,2339
2333
2324
2334
2322,2334
2330
2328
2331
2326,2331
2335
2325,2335
2327,2328,2335
2340
2321,2340
2323,2324,2340
2329,2330,2331,2340
2536
2310,2536
2312,2313,2536
2318,2319,2320,2536
2332,2333,2334,2335,2536
2399
2344
2400
2342,2400
2350
2348
2351
2346,2351
2401
2345,2401
2347,2348,2401
2364
2355
2365
2353,2365
2361
2359
2362
2357,2362
2366
2356,2366
2358,2359,2366
2402
2352,2402
2354,2355,2402
2360,2361,2362,2402
2394
2370
2395
2368,2395
2376
2374
2377
2372,2377
2396
2371,2396
2373,2374,2396
2390
2381
2391
2379,2391
2387
2385
2388
2383,2388
2392
2382,2392
2384,2385,2392
2397
2378,2397
2380,2381,2397
2386,2387,2388,2397
2403
2367,2403
2369,2370,2403
2375,2376,2377,2403
2389,2390,2391,2392,2403
2537
2341,2537
2343,2344,2537
2349,2350,2351,2537
2363,2364,2365,2366,2537
2393,2394,2395,2396,2397,2537
2525
2407
2526
2405,2526
2413
2411
2414
2409,2414
2527
2408,2527
2410,2411,2527
2427
2418
2428
2416,2428
2424
2422
2425
2420,2425
2429
2419,2429
2421,2422,2429
2528
2415,2528
2417,2418,2528
2423,2424,2425,2528
2457
2433
2458
2431,2458
2439
2437
2440
2435,2440
2459
2434,2459
2436,2437,2459
2453
2444
2454
2442,2454
2450
2448
2451
2446,2451
2455
2445,2455
2447,2448,2455
2460
2441,2460
2443,2444,2460
2449,2450,2451,2460
2529
2430,2529
2432,2433,2529
2438,2439,2440,2529
2452,2453,2454,2455,2529
2519
2464
2520
2462,2520
2470
2468
2471
2466,2471
2521
2465,2521
2467,2468,2521
2484
2475
2485
2473,2485
2481
2479
2482
2477,2482
2486
2476,2486
2478,2479,2486
2522
2472,2522
2474,2475,2522
2480,2481,2482,2522
2514
2490
2515
2488,2515
2496
2494
2497
2492,2497
2516
2491,2516
2493,2494,2516
2510
2501
2511
2499,2511
2507
2505
2508
2503,2508
2512
2502,2512
2504,2505,2512
2517
2498,2517
2500,2501,2517
2506,2507,2508,2517
2523
2487,2523
2489,2490,2523
2495,2496,2497,2523
2509,2510,2511,2512,2523
2530
2461,2530
2463,2464,2530
2469,2470,2471,2530
2483,2484,2485,2486,2530
2513,2514,2515,2516,2517,2530
2538
2404,2538
2406,2407,2538
2412,2413,2414,2538
2426,2427,2428,2429,2538
2456,2457,2458,2459,2460,2538
2518,2519,2520,2521,2522,2523,2538
4081
2284,4081
2286,2287,4081
2292,2293,2294,4081
2306,2307,2308,2309,4081
2336,2337,2338,2339,2340,4081
2398,2399,2400,2401,2402,2403,4081
2524,2525,2526,2527,2528,2529,2530,4081
3042
2542
3043
2540,3043
2548
2546
2549
2544,2549
3044
2543,3044
2545,2546,3044
2562
2553
2563
2551,2563
2559
2557
2560
2555,2560
2564
2554,2564
2556,2557,2564
3045
2550,3045
2552,2553,3045
2558,2559,2560,3045
2592
2568
2593
2566,2593
2574
2572
2575
2570,2575
2594
2569,2594
2571,2572,2594
2588
2579
2589
2577,2589
2585
2583
2586
2581,2586
2590
2580,2590
2582,2583,2590
2595
2576,2595
2578,2579,2595
2584,2585,2586,2595
3046
2565,3046
2567,2568,3046
2573,2574,2575,3046
2587,2588,2589,2590,3046
2654
2599
2655
2597,2655
2605
2603
2606
2601,2606
2656
2600,2656
2602,2603,2656
2619
2610
2620
2608,2620
2616
2614
2617
2612,2617
2621
2611,2621
2613,2614,2621
2657
2607,2657
2609,2610,2657
2615,2616,2617,2657
2649
2625
2650
2623,2650
2631
2629
2632
2627,2632
2651
2626,2651
2628,2629,2651
2645
2636
2646
2634,2646
2642
2640
2643
2638,2643
2647
2637,2647
2639,2640,2647
2652
2633,2652
2635,2636,2652
2641,2642,2643,2652
2658
2622,2658
2624,2625,2658
2630,2631,2632,2658
2644,2645,2646,2647,2658
3047
2596,3047
2598,2599,3047
2604,2605,2606,3047
2618,2619,2620,2621,3047
2648,2649,2650,2651,2652,3047
2780
2662
2781
2660,2781
2668
2666
2669
2664,2669
2782
2663,2782
2665,2666,2782
2682
2673
2683
2671,2683
2679
2677
2680
2675,2680
2684
2674,2684
2676,2677,2684
2783
2670,2783
2672,2673,2783
2678,2679,2680,2783
2712
2688
2713
2686,2713
2694
2692
2695
2690,2695
2714
2689,2714
2691,2692,2714
2708
2699
2709
2697,2709
2705
2703
2706
2701,2706
2710
2700,2710
2702,2703,2710
2715
2696,2715
2698,2699,2715
2704,2705,2706,2715
2784
2685,2784
2687,2688,2784
2693,2694,2695,2784
2707,2708,2709,2710,2784
2774
2719
2775
2717,2775
2725
2723
2726
2721,2726
2776
2720,2776
2722,2723,2776
2739
2730
2740
2728,2740
2736
2734
2737
2732,2737
2741
2731,2741
2733,2734,2741
2777
2727,2777
2729,2730,2777
2735,2736,2737,2777
2769
2745
2770
2743,2770
2751
2749
2752
2747,2752
2771
2746,2771
2748,2749,2771
2765
2756
2766
2754,2766
2762
2760
2763
2758,2763
2767
2757,2767
2759,2760,2767
2772
2753,2772
2755,2756,2772
2761,2762,2763,2772
2778
2742,2778
2744,2745,2778
2750,2751,2752,2778
2764,2765,2766,2767,2778
2785
2716,2785
2718,2719,2785
2724,2725,2726,2785
2738,2739,2740,2741,2785
2768,2769,2770,2771,2772,2785
3048
2659,3048
2661,2662,3048
2667,2668,2669,3048
2681,2682,2683,2684,3048
2711,2712,2713,2714,2715,3048
2773,2774,2775,2776,2777,2778,3048
3034
2789
3035
2787,3035
2795
2793
2796
2791,2796
3036
2790,3036
2792,2793,3036
2809
2800
2810
2798,2810
2806
2804
2807
2802,2807
2811
2801,2811
2803,2804,2811
3037
2797,3037
2799,2800,3037
2805,2806,2807,3037
2839
2815
2840
2813,2840
2821
2819
2822
2817,2822
2841
2816,2841
2818,2819,2841
2835
2826
2836
2824,2836
2832
2830
2833
2828,2833
2837
2827,2837
2829,2830,2837
2842
2823,2842
2825,2826,2842
2831,2832,2833,2842
3038
2812,3038
2814,2815,3038
2820,2821,2822,3038
2834,2835,2836,2837,3038
2901
2846
2902
2844,2902
2852
2850
2853
2848,2853
2903
2847,2903
2849,2850,2903
2866
2857
2867
2855,2867
2863
2861
2864
2859,2864
2868
2858,2868
2860,2861,2868
2904
2854,2904
2856,2857,2904
2862,2863,2864,2904
2896
2872
2897
2870,2897
2878
2876
2879
2874,2879
2898
2873,2898
2875,2876,2898
2892
2883
2893
2881,2893
2889
2887
2890
2885,2890
2894
2884,2894
2886,2887,2894
2899
2880,2899
2882,2883,2899
2888,2889,2890,2899
2905
2869,2905
2871,2872,2905
2877,2878,2879,2905
2891,2892,2893,2894,2905
3039
2843,3039
2845,2846,3039
2851,2852,2853,3039
2865,2866,2867,2868,3039
2895,2896,2897,2898,2899,3039
3027
2909
3028
2907,3028
2915
2913
2916
2911,2916
3029
2910,3029
2912,2913,3029
2929
2920
2930
2918,2930
2926
2924
2927
2922,2927
2931
2921,2931
2923,2924,2931
3030
2917,3030
2919,2920,3030
2925,2926,2927,3030
2959
2935
2960
2933,2960
2941
2939
2942
2937,2942
2961
2936,2961
2938,2939,2961
2955
2946
2956
2944,2956
2952
2950
2953
2948,2953
2957
2947,2957
2949,2950,2957
2962
2943,2962
2945,2946,2962
2951,2952,2953,2962
3031
2932,3031
2934,2935,3031
2940,2941,2942,3031
2954,2955,2956,2957,3031
3021
2966
3022
2964,3022
2972
2970
2973
2968,2973
3023
2967,3023
2969,2970,3023
2986
2977
2987
2975,2987
2983
2981
2984
2979,2984
2988
2978,2988
2980,2981,2988
3024
2974,3024
2976,2977,3024
2982,2983,2984,3024
3016
2992
3017
2990,3017
2998
2996
2999
2994,2999
3018
2993,3018
2995,2996,3018
3012
3003
3013
3001,3013
3009
3007
3010
3005,3010
3014
3004,3014
3006,3007,3014
3019
3000,3019
3002,3003,3019
3008,3009,3010,3019
3025
2989,3025
2991,2992,3025
2997,2998,2999,3025
3011,3012,3013,3014,3025
3032
2963,3032
2965,2966,3032
2971,2972,2973,3032
2985,2986,2987,2988,3032
3015,3016,3017,3018,3019,3032
3040
2906,3040
2908,2909,3040
2914,2915,2916,3040
2928,2929,2930,2931,3040
2958,2959,2960,2961,2962,3040
3020,3021,3022,3023,3024,3025,3040
3049
2786,3049
2788,2789,3049
2794,2795,2796,3049
2808,2809,2810,2811,3049
2838,2839,2840,2841,2842,3049
2900,2901,2902,2903,2904,2905,3049
3026,3027,3028,3029,3030,3031,3032,3049
4082
2539,4082
2541,2542,4082
2547,2548,2549,4082
2561,2562,2563,2564,4082
2591,2592,2593,2594,2595,4082
2653,2654,2655,2656,2657,2658,4082
2779,2780,2781,2782,2783,2784,2785,4082
3033,3034,3035,3036,3037,3038,3039,3040,4082
4064
3053
4065
3051,4065
3059
3057
3060
3055,3060
4066
3054,4066
3056,3057,4066
3073
3064
3074
3062,3074
3070
3068
3071
3066,3071
3075
3065,3075
3067,3068,3075
4067
3061,4067
3063,3064,4067
3069,3070,3071,4067
3103
3079
3104
3077,3104
3085
3083
3086
3081,3086
3105
3080,3105
3082,3083,3105
3099
3090
3100
3088,3100
3096
3094
3097
3092,3097
3101
3091,3101
3093,3094,3101
3106
3087,3106
3089,3090,3106
3095,3096,3097,3106
4068
3076,4068
3078,3079,4068
3084,3085,3086,4068
3098,3099,3100,3101,4068
3165
3110
3166
3108,3166
3116
3114
3117
3112,3117
3167
3111,3167
3113,3114,3167
3130
3121
3131
3119,3131
3127
3125
3128
3123,3128
3132
3122,3132
3124,3125,3132
3168
3118,3168
3120,3121,3168
3126,3127,3128,3168
3160
3136
3161
3134,3161
3142
3140
3143
3138,3143
3162
3137,3162
3139,3140,3162
3156
3147
3157
3145,3157
3153
3151
3154
3149,3154
3158
3148,3158
3150,3151,3158
3163
3144,3163
3146,3147,3163
3152,3153,3154,3163
3169
3133,3169
3135,3136,3169
3141,3142,3143,3169
3155,3156,3157,3158,3169
4069
3107,4069
3109,3110,4069
3115,3116,3117,4069
3129,3130,3131,3132,4069
3159,3160,3161,3162,3163,4069
3291
3173
3292
3171,3292
3179
3177
3180
3175,3180
3293
3174,3293
3176,3177,3293
3193
3184
3194
3182,3194
3190
3188
3191
3186,3191
3195
3185,3195
3187,3188,3195
3294
3181,3294
3183,3184,3294
3189,3190,3191,3294
3223
3199
3224
3197,3224
3205
3203
3206
3201,3206
3225
3200,3225
3202,3203,3225
3219
3210
3220
3208,3220
3216
3214
3217
3212,3217
3221
3211,3221
3213,3214,3221
3226
3207,3226
3209,3210,3226
3215,3216,3217,3226
3295
3196,3295
3198,3199,3295
3204,3205,3206,3295
3218,3219,3220,3221,3295
3285
3230
3286
3228,3286
3236
3234
3237
3232,3237
3287
3231,3287
3233,3234,3287
3250
3241
3251
3239,3251
3247
3245
3248
3243,3248
3252
3242,3252
3244,3245,3252
3288
3238,3288
3240,3241,3288
3246,3247,3248,3288
3280
3256
3281
3254,3281
3262
3260
3263
3258,3263
3282
3257,3282
3259,3260,3282
3276
3267
3277
3265,3277
3273
3271
3274
3269,3274
3278
3268,3278
3270,3271,3278
3283
3264,3283
3266,3267,3283
3272,3273,3274,3283
3289
3253,3289
3255,3256,3289
3261,3262,3263,3289
3275,3276,3277,3278,3289
3296
3227,3296
3229,3230,3296
3235,3236,3237,3296
3249,3250,3251,3252,3296
3279,3280,3281,3282,3283,3296
4070
3170,4070
3172,3173,4070
3178,3179,3180,4070
3192,3193,3194,3195,4070
3222,3223,3224,3225,3226,4070
3284,3285,3286,3287,3288,3289,4070
3545
3300
3546
3298,3546
3306
3304
3307
3302,3307
3547
3301,3547
3303,3304,3547
3320
3311
3321
3309,3321
3317
3315
3318
3313,3318
3322
3312,3322
3314,3315,3322
3548
3308,3548
3310,3311,3548
3316,3317,3318,3548
3350
3326
3351
3324,3351
3332
3330
3333
3328,3333
3352
3327,3352
3329,3330,3352
3346
3337
3347
3335,3347
3343
3341
3344
3339,3344
3348
3338,3348
3340,3341,3348
3353
3334,3353
3336,3337,3353
3342,3343,3344,3353
3549
3323,3549
3325,3326,3549
3331,3332,3333,3549
3345,3346,3347,3348,3549
3412
3357
3413
3355,3413
3363
3361
3364
3359,3364
3414
3358,3414
3360,3361,3414
3377
3368
3378
3366,3378
3374
3372
3375
3370,3375
3379
3369,3379
3371,3372,3379
3415
3365,3415
3367,3368,3415
3373,3374,3375,3415
3407
3383
3408
3381,3408
3389
3387
3390
3385,3390
3409
3384,3409
3386,3387,3409
3403
3394
3404
3392,3404
3400
3398
3401
3396,3401
3405
3395,3405
3397,3398,3405
3410
3391,3410
3393,3394,3410
3399,3400,3401,3410
3416
3380,3416
3382,3383,3416
3388,3389,3390,3416
3402,3403,3404,3405,3416
3550
3354,3550
3356,3357,3550
3362,3363,3364,3550
3376,3377,3378,3379,3550
3406,3407,3408,3409,3410,3550
3538
3420
3539
3418,3539
3426
3424
3427
3422,3427
3540
3421,3540
3423,3424,3540
3440
3431
3441
3429,3441
3437
3435
3438
3433,3438
3442
3432,3442
3434,3435,3442
3541
3428,3541
3430,3431,3541
3436,3437,3438,3541
3470
3446
3471
3444,3471
3452
3450
3453
3448,3453
3472
3447,3472
3449,3450,3472
3466
3457
3467
3455,3467
3463
3461
3464
3459,3464
3468
3458,3468
3460,3461,3468
3473
3454,3473
3456,3457,3473
3462,3463,3464,3473
3542
3443,3542
3445,3446,3542
3451,3452,3453,3542
3465,3466,3467,3468,3542
3532
3477
3533
3475,3533
3483
3481
3484
3479,3484
3534
3478,3534
3480,3481,3534
3497
3488
3498
3486,3498
3494
3492
3495
3490,3495
3499
3489,3499
3491,3492,3499
3535
3485,3535
3487,3488,3535
3493,3494,3495,3535
3527
3503
3528
3501,3528
3509
3507
3510
3505,3510
3529
3504,3529
3506,3507,3529
3523
3514
3524
3512,3524
3520
3518
3521
3516,3521
3525
3515,3525
3517,3518,3525
3530
3511,3530
3513,3514,3530
3519,3520,3521,3530
3536
3500,3536
3502,3503,3536
3508,3509,3510,3536
3522,3523,3524,3525,3536
3543
3474,3543
3476,3477,3543
3482,3483,3484,3543
3496,3497,3498,3499,3543
3526,3527,3528,3529,3530,3543
3551
3417,3551
3419,3420,3551
3425,3426,3427,3551
3439,3440,3441,3442,3551
3469,3470,3471,3472,3473,3551
3531,3532,3533,3534,3535,3536,3551
4071
3297,4071
3299,3300,4071
3305,3306,3307,4071
3319,3320,3321,3322,4071
3349,3350,3351,3352,3353,4071
3411,3412,3413,3414,3415,3416,4071
3537,3538,3539,3540,3541,3542,3543,4071
4055
3555
4056
3553,4056
3561
3559
3562
3557,3562
4057
3556,4057
3558,3559,4057
3575
3566
3576
3564,3576
3572
3570
3573
3568,3573
3577
3567,3577
3569,3570,3577
4058
3563,4058
3565,3566,4058
3571,3572,3573,4058
3605
3581
3606
3579,3606
3587
3585
3588
3583,3588
3607
3582,3607
3584,3585,3607
3601
3592
3602
3590,3602
3598
3596
3599
3594,3599
3603
3593,3603
3595,3596,3603
3608
3589,3608
3591,3592,3608
3597,3598,3599,3608
4059
3578,4059
3580,3581,4059
3586,3587,3588,4059
3600,3601,3602,3603,4059
3667
3612
3668
3610,3668
3618
3616
3619
3614,3619
3669
3613,3669
3615,3616,3669
3632
3623
3633
3621,3633
3629
3627
3630
3625,3630
3634
3624,3634
3626,3627,3634
3670
3620,3670
3622,3623,3670
3628,3629,3630,3670
3662
3638
3663
3636,3663
3644
3642
3645
3640,3645
3664
3639,3664
3641,3642,3664
3658
3649
3659
3647,3659
3655
3653
3656
3651,3656
3660
3650,3660
3652,3653,3660
3665
3646,3665
3648,3649,3665
3654,3655,3656,3665
3671
3635,3671
3637,3638,3671
3643,3644,3645,3671
3657,3658,3659,3660,3671
4060
3609,4060
3611,3612,4060
3617,3618,3619,4060
3631,3632,3633,3634,4060
3661,3662,3663,3664,3665,4060
3793
3675
3794
3673,3794
3681
3679
3682
3677,3682
3795
3676,3795
3678,3679,3795
3695
3686
3696
3684,3696
3692
3690
3693
3688,3693
3697
3687,3697
3689,3690,3697
3796
3683,3796
3685,3686,3796
3691,3692,3693,3796
3725
3701
3726
3699,3726
3707
3705
3708
3703,3708
3727
3702,3727
3704,3705,3727
3721
3712
3722
3710,3722
3718
3716
3719
3714,3719
3723
3713,3723
3715,3716,3723
3728
3709,3728
3711,3712,3728
3717,3718,3719,3728
3797
3698,3797
3700,3701,3797
3706,3707,3708,3797
3720,3721,3722,3723,3797
3787
3732
3788
3730,3788
3738
3736
3739
3734,3739
3789
3733,3789
3735,3736,3789
3752
3743
3753
3741,3753
3749
3747
3750
3745,3750
3754
3744,3754
3746,3747,3754
3790
3740,3790
3742,3743,3790
3748,3749,3750,3790
3782
3758
3783
3756,3783
3764
3762
3765
3760,3765
3784
3759,3784
3761,3762,3784
3778
3769
3779
3767,3779
3775
3773
3776
3771,3776
3780
3770,3780
3772,3773,3780
3785
3766,3785
3768,3769,3785
3774,3775,3776,3785
3791
3755,3791
3757,3758,3791
3763,3764,3765,3791
3777,3778,3779,3780,3791
3798
3729,3798
3731,3732,3798
3737,3738,3739,3798
3751,3752,3753,3754,3798
3781,3782,3783,3784,3785,3798
4061
3672,4061
3674,3675,4061
3680,3681,3682,4061
3694,3695,3696,3697,4061
3724,3725,3726,3727,3728,4061
3786,3787,3788,3789,3790,3791,4061
4047
3802
4048
3800,4048
3808
3806
3809
3804,3809
4049
3803,4049
3805,3806,4049
3822
3813
3823
3811,3823
3819
3817
3820
3815,3820
3824
3814,3824
3816,3817,3824
4050
3810,4050
3812,3813,4050
3818,3819,3820,4050
3852
3828
3853
3826,3853
3834
3832
3835
3830,3835
3854
3829,3854
3831,3832,3854
3848
3839
3849
3837,3849
3845
3843
3846
3841,3846
3850
3840,3850
3842,3843,3850
3855
3836,3855
3838,3839,3855
3844,3845,3846,3855
4051
3825,4051
3827,3828,4051
3833,3834,3835,4051
3847,3848,3849,3850,4051
3914
3859
3915
3857,3915
3865
3863
3866
3861,3866
3916
3860,3916
3862,3863,3916
3879
3870
3880
3868,3880
3876
3874
3877
3872,3877
3881
3871,3881
3873,3874,3881
3917
3867,3917
3869,3870,3917
3875,3876,3877,3917
3909
3885
3910
3883,3910
3891
3889
3892
3887,3892
3911
3886,3911
3888,3889,3911
3905
3896
3906
3894,3906
3902
3900
3903
3898,3903
3907
3897,3907
3899,3900,3907
3912
3893,3912
3895,3896,3912
3901,3902,3903,3912
3918
3882,3918
3884,3885,3918
3890,3891,3892,3918
3904,3905,3906,3907,3918
4052
3856,4052
3858,3859,4052
3864,3865,3866,4052
3878,3879,3880,3881,4052
3908,3909,3910,3911,3912,4052
4040
3922
4041
3920,4041
3928
3926
3929
3924,3929
4042
3923,4042
3925,3926,4042
3942
3933
3943
3931,3943
3939
3937
3940
3935,3940
3944
3934,3944
3936,3937,3944
4043
3930,4043
3932,3933,4043
3938,3939,3940,4043
3972
3948
3973
3946,3973
3954
3952
3955
3950,3955
3974
3949,3974
3951,3952,3974
3968
3959
3969
3957,3969
3965
3963
3966
3961,3966
3970
3960,3970
3962,3963,3970
3975
3956,3975
3958,3959,3975
3964,3965,3966,3975
4044
3945,4044
3947,3948,4044
3953,3954,3955,4044
3967,3968,3969,3970,4044
4034
3979
4035
3977,4035
3985
3983
3986
3981,3986
4036
3980,4036
3982,3983,4036
3999
3990
4000
3988,4000
3996
3994
3997
3992,3997
4001
3991,4001
3993,3994,4001
4037
3987,4037
3989,3990,4037
3995,3996,3997,4037
4029
4005
4030
4003,4030
4011
4009
4012
4007,4012
4031
4006,4031
4008,4009,4031
4025
4016
4026
4014,4026
4022
4020
4023
4018,4023
4027
4017,4027
4019,4020,4027
4032
4013,4032
4015,4016,4032
4021,4022,4023,4032
4038
4002,4038
4004,4005,4038
4010,4011,4012,4038
4024,4025,4026,4027,4038
4045
3976,4045
3978,3979,4045
3984,3985,3986,4045
3998,3999,4000,4001,4045
4028,4029,4030,4031,4032,4045
4053
3919,4053
3921,3922,4053
3927,3928,3929,4053
3941,3942,3943,3944,4053
3971,3972,3973,3974,3975,4053
4033,4034,4035,4036,4037,4038,4053
4062
3799,4062
3801,3802,4062
3807,3808,3809,4062
3821,3822,3823,3824,4062
3851,3852,3853,3854,3855,4062
3913,3914,3915,3916,3917,3918,4062
4039,4040,4041,4042,4043,4044,4045,4062
4072
3552,4072
3554,3555,4072
3560,3561,3562,4072
3574,3575,3576,3577,4072
3604,3605,3606,3607,3608,4072
3666,3667,3668,3669,3670,3671,4072
3792,3793,3794,3795,3796,3797,3798,4072
4046,4047,4048,4049,4050,4051,4052,4053,4072
4083
3050,4083
3052,3053,4083
3058,3059,3060,4083
3072,3073,3074,3075,4083
3102,3103,3104,3105,3106,4083
3164,3165,3166,3167,3168,3169,4083
3290,3291,3292,3293,3294,3295,3296,4083
3544,3545,3546,3547,3548,3549,3550,3551,4083
4054,4055,4056,4057,4058,4059,4060,4061,4062,4083
8190
2037,8190
2039,2040,8190
2045,2046,2047,8190
2059,2060,2061,2062,8190
2089,2090,2091,2092,2093,8190
2151,2152,2153,2154,2155,2156,8190
2277,2278,2279,2280,2281,2282,2283,8190
2531,2532,2533,2534,2535,2536,2537,2538,8190
3041,3042,3043,3044,3045,3046,3047,3048,3049,8190
4063,4064,4065,4066,4067,4068,4069,4070,4071,4072,8190
8168
4087
8169
4085,8169
4093
4091
4094
4089,4094
8170
4088,8170
4090,4091,8170
4107
4098
4108
4096,4108
4104
4102
4105
4100,4105
4109
4099,4109
4101,4102,4109
8171
4095,8171
4097,4098,8171
4103,4104,4105,8171
4137
4113
4138
4111,4138
4119
4117
4120
4115,4120
4139
4114,4139
4116,4117,4139
4133
4124
4134
4122,4134
4130
4128
4131
4126,4131
4135
4125,4135
4127,4128,4135
4140
4121,4140
4123,4124,4140
4129,4130,4131,4140
8172
4110,8172
4112,4113,8172
4118,4119,4120,8172
4132,4133,4134,4135,8172
4199
4144
4200
4142,4200
4150
4148
4151
4146,4151
4201
4145,4201
4147,4148,4201
4164
4155
4165
4153,4165
4161
4159
4162
4157,4162
4166
4156,4166
4158,4159,4166
4202
4152,4202
4154,4155,4202
4160,4161,4162,4202
4194
4170
4195
4168,4195
4176
4174
4177
4172,4177
4196
4171,4196
4173,4174,4196
4190
4181
4191
4179,4191
4187
4185
4188
4183,4188
4192
4182,4192
4184,4185,4192
4197
4178,4197
4180,4181,4197
4186,4187,4188,4197
4203
4167,4203
4169,4170,4203
4175,4176,4177,4203
4189,4190,4191,4192,4203
8173
4141,8173
4143,4144,8173
4149,4150,4151,8173
4163,4164,4165,4166,8173
4193,4194,4195,4196,4197,8173
4325
4207
4326
4205,4326
4213
4211
4214
4209,4214
4327
4208,4327
4210,4211,4327
4227
4218
4228
4216,4228
4224
4222
4225
4220,4225
4229
4219,4229
4221,4222,4229
4328
4215,4328
4217,4218,4328
4223,4224,4225,4328
4257
4233
4258
4231,4258
4239
4237
4240
4235,4240
4259
4234,4259
4236,4237,4259
4253
4244
4254
4242,4254
4250
4248
4251
4246,4251
4255
4245,4255
4247,4248,4255
4260
4241,4260
4243,4244,4260
4249,4250,4251,4260
4329
4230,4329
4232,4233,4329
4238,4239,4240,4329
4252,4253,4254,4255,4329
4319
4264
4320
4262,4320
4270
4268
4271
4266,4271
4321
4265,4321
4267,4268,4321
4284
4275
4285
4273,4285
4281
4279
4282
4277,4282
4286
4276,4286
4278,4279,4286
4322
4272,4322
4274,4275,4322
4280,4281,4282,4322
4314
4290
4315
4288,4315
4296
4294
4297
4292,4297
4316
4291,4316
4293,4294,4316
4310
4301
4311
4299,4311
4307
4305
4308
4303,4308
4312
4302,4312
4304,4305,4312
4317
4298,4317
4300,4301,4317
4306,4307,4308,4317
4323
4287,4323
4289,4290,4323
4295,4296,4297,4323
4309,4310,4311,4312,4323
4330
4261,4330
4263,4264,4330
4269,4270,4271,4330
4283,4284,4285,4286,4330
4313,4314,4315,4316,4317,4330
8174
4204,8174
4206,4207,8174
4212,4213,4214,8174
4226,4227,4228,4229,8174
4256,4257,4258,4259,4260,8174
4318,4319,4320,4321,4322,4323,8174
4579
4334
4580
4332,4580
4340
4338
4341
4336,4341
4581
4335,4581
4337,4338,4581
4354
4345
4355
4343,4355
4351
4349
4352
4347,4352
4356
4346,4356
4348,4349,4356
4582
4342,4582
4344,4345,4582
4350,4351,4352,4582
4384
4360
4385
4358,4385
4366
4364
4367
4362,4367
4386
4361,4386
4363,4364,4386
4380
4371
4381
4369,4381
4377
4375
4378
4373,4378
4382
4372,4382
4374,4375,4382
4387
4368,4387
4370,4371,4387
4376,4377,4378,4387
4583
4357,4583
4359,4360,4583
4365,4366,4367,4583
4379,4380,4381,4382,4583
4446
4391
4447
4389,4447
4397
4395
4398
4393,4398
4448
4392,4448
4394,4395,4448
4411
4402
4412
4400,4412
4408
4406
4409
4404,4409
4413
4403,4413
4405,4406,4413
4449
4399,4449
4401,4402,4449
4407,4408,4409,4449
4441
4417
4442
4415,4442
4423
4421
4424
4419,4424
4443
4418,4443
4420,4421,4443
4437
4428
4438
4426,4438
4434
4432
4435
4430,4435
4439
4429,4439
4431,4432,4439
4444
4425,4444
4427,4428,4444
4433,4434,4435,4444
4450
4414,4450
4416,4417,4450
4422,4423,4424,4450
4436,4437,4438,4439,4450
4584
4388,4584
4390,4391,4584
4396,4397,4398,4584
4410,4411,4412,4413,4584
4440,4441,4442,4443,4444,4584
4572
4454
4573
4452,4573
4460
4458
4461
4456,4461
4574
4455,4574
4457,4458,4574
4474
4465
4475
4463,4475
4471
4469
4472
4467,4472
4476
4466,4476
4468,4469,4476
4575
4462,4575
4464,4465,4575
4470,4471,4472,4575
4504
4480
4505
4478,4505
4486
4484
4487
4482,4487
4506
4481,4506
4483,4484,4506
4500
4491
4501
4489,4501
4497
4495
4498
4493,4498
4502
4492,4502
4494,4495,4502
4507
4488,4507
4490,4491,4507
4496,4497,4498,4507
4576
4477,4576
4479,4480,4576
4485,4486,4487,4576
4499,4500,4501,4502,4576
4566
4511
4567
4509,4567
4517
4515
4518
4513,4518
4568
4512,4568
4514,4515,4568
4531
4522
4532
4520,4532
4528
4526
4529
4524,4529
4533
4523,4533
4525,4526,4533
4569
4519,4569
4521,4522,4569
4527,4528,4529,4569
4561
4537
4562
4535,4562
4543
4541
4544
4539,4544
4563
4538,4563
4540,4541,4563
4557
4548
4558
4546,4558
4554
4552
4555
4550,4555
4559
4549,4559
4551,4552,4559
4564
4545,4564
4547,4548,4564
4553,4554,4555,4564
4570
4534,4570
4536,4537,4570
4542,4543,4544,4570
4556,4557,4558,4559,4570
4577
4508,4577
4510,4511,4577
4516,4517,4518,4577
4530,4531,4532,4533,4577
4560,4561,4562,4563,4564,4577
4585
4451,4585
4453,4454,4585
4459,4460,4461,4585
4473,4474,4475,4476,4585
4503,4504,4505,4506,4507,4585
4565,4566,4567,4568,4569,4570,4585
8175
4331,8175
4333,4334,8175
4339,4340,4341,8175
4353,4354,4355,4356,8175
4383,4384,4385,4386,4387,8175
4445,4446,4447,4448,4449,4450,8175
4571,4572,4573,4574,4575,4576,4577,8175
5089
4589
5090
4587,5090
4595
4593
4596
4591,4596
5091
4590,5091
4592,4593,5091
4609
4600
4610
4598,4610
4606
4604
4607
4602,4607
4611
4601,4611
4603,4604,4611
5092
4597,5092
4599,4600,5092
4605,4606,4607,5092
4639
4615
4640
4613,4640
4621
4619
4622
4617,4622
4641
4616,4641
4618,4619,4641
4635
4626
4636
4624,4636
4632
4630
4633
4628,4633
4637
4627,4637
4629,4630,4637
4642
4623,4642
4625,4626,4642
4631,4632,4633,4642
5093
4612,5093
4614,4615,5093
4620,4621,4622,5093
4634,4635,4636,4637,5093
4701
4646
4702
4644,4702
4652
4650
4653
4648,4653
4703
4647,4703
4649,4650,4703
4666
4657
4667
4655,4667
4663
4661
4664
4659,4664
4668
4658,4668
4660,4661,4668
4704
4654,4704
4656,4657,4704
4662,4663,4664,4704
4696
4672
4697
4670,4697
4678
4676
4679
4674,4679
4698
4673,4698
4675,4676,4698
4692
4683
4693
4681,4693
4689
4687
4690
4685,4690
4694
4684,4694
4686,4687,4694
4699
4680,4699
4682,4683,4699
4688,4689,4690,4699
4705
4669,4705
4671,4672,4705
4677,4678,4679,4705
4691,4692,4693,4694,4705
5094
4643,5094
4645,4646,5094
4651,4652,4653,5094
4665,4666,4667,4668,5094
4695,4696,4697,4698,4699,5094
4827
4709
4828
4707,4828
4715
4713
4716
4711,4716
4829
4710,4829
4712,4713,4829
4729
4720
4730
4718,4730
4726
4724
4727
4722,4727
4731
4721,4731
4723,4724,4731
4830
4717,4830
4719,4720,4830
4725,4726,4727,4830
4759
4735
4760
4733,4760
4741
4739
4742
4737,4742
4761
4736,4761
4738,4739,4761
4755
4746
4756
4744,4756
4752
4750
4753
4748,4753
4757
4747,4757
4749,4750,4757
4762
4743,4762
4745,4746,4762
4751,4752,4753,4762
4831
4732,4831
4734,4735,4831
4740,4741,4742,4831
4754,4755,4756,4757,4831
4821
4766
4822
4764,4822
4772
4770
4773
4768,4773
4823
4767,4823
4769,4770,4823
4786
4777
4787
4775,4787
4783
4781
4784
4779,4784
4788
4778,4788
4780,4781,4788
4824
4774,4824
4776,4777,4824
4782,4783,4784,4824
4816
4792
4817
4790,4817
4798
4796
4799
4794,4799
4818
4793,4818
4795,4796,4818
4812
4803
4813
4801,4813
4809
4807
4810
4805,4810
4814
4804,4814
4806,4807,4814
4819
4800,4819
4802,4803,4819
4808,4809,4810,4819
4825
4789,4825
4791,4792,4825
4797,4798,4799,4825
4811,4812,4813,4814,4825
4832
4763,4832
4765,4766,4832
4771,4772,4773,4832
4785,4786,4787,4788,4832
4815,4816,4817,4818,4819,4832
5095
4706,5095
4708,4709,5095
4714,4715,4716,5095
4728,4729,4730,4731,5095
4758,4759,4760,4761,4762,5095
4820,4821,4822,4823,4824,4825,5095
5081
4836
5082
4834,5082
4842
4840
4843
4838,4843
5083
4837,5083
4839,4840,5083
4856
4847
4857
4845,4857
4853
4851
4854
4849,4854
4858
4848,4858
4850,4851,4858
5084
4844,5084
4846,4847,5084
4852,4853,4854,5084
4886
4862
4887
4860,4887
4868
4866
4869
4864,4869
4888
4863,4888
4865,4866,4888
4882
4873
4883
4871,4883
4879
4877
4880
4875,4880
4884
4874,4884
4876,4877,4884
4889
4870,4889
4872,4873,4889
4878,4879,4880,4889
5085
4859,5085
4861,4862,5085
4867,4868,4869,5085
4881,4882,4883,4884,5085
4948
4893
4949
4891,4949
4899
4897
4900
4895,4900
4950
4894,4950
4896,4897,4950
4913
4904
4914
4902,4914
4910
4908
4911
4906,4911
4915
4905,4915
4907,4908,4915
4951
4901,4951
4903,4904,4951
4909,4910,4911,4951
4943
4919
4944
4917,4944
4925
4923
4926
4921,4926
4945
4920,4945
4922,4923,4945
4939
4930
4940
4928,4940
4936
4934
4937
4932,4937
4941
4931,4941
4933,4934,4941
4946
4927,4946
4929,4930,4946
4935,4936,4937,4946
4952
4916,4952
4918,4919,4952
4924,4925,4926,4952
4938,4939,4940,4941,4952
5086
4890,5086
4892,4893,5086
4898,4899,4900,5086
4912,4913,4914,4915,5086
4942,4943,4944,4945,4946,5086
5074
4956
5075
4954,5075
4962
4960
4963
4958,4963
5076
4957,5076
4959,4960,5076
4976
4967
4977
4965,4977
4973
4971
4974
4969,4974
4978
4968,4978
4970,4971,4978
5077
4964,5077
4966,4967,5077
4972,4973,4974,5077
5006
4982
5007
4980,5007
4988
4986
4989
4984,4989
5008
4983,5008
4985,4986,5008
5002
4993
5003
4991,5003
4999
4997
5000
4995,5000
5004
4994,5004
4996,4997,5004
5009
4990,5009
4992,4993,5009
4998,4999,5000,5009
5078
4979,5078
4981,4982,5078
4987,4988,4989,5078
5001,5002,5003,5004,5078
5068
5013
5069
5011,5069
5019
5017
5020
5015,5020
5070
5014,5070
5016,5017,5070
5033
5024
5034
5022,5034
5030
5028
5031
5026,5031
5035
5025,5035
5027,5028,5035
5071
5021,5071
5023,5024,5071
5029,5030,5031,5071
5063
5039
5064
5037,5064
5045
5043
5046
5041,5046
5065
5040,5065
5042,5043,5065
5059
5050
5060
5048,5060
5056
5054
5057
5052,5057
5061
5051,5061
5053,5054,5061
5066
5047,5066
5049,5050,5066
5055,5056,5057,5066
5072
5036,5072
5038,5039,5072
5044,5045,5046,5072
5058,5059,5060,5061,5072
5079
5010,5079
5012,5013,5079
5018,5019,5020,5079
5032,5033,5034,5035,5079
5062,5063,5064,5065,5066,5079
5087
4953,5087
4955,4956,5087
4961,4962,4963,5087
4975,4976,4977,4978,5087
5005,5006,5007,5008,5009,5087
5067,5068,5069,5070,5071,5072,5087
5096
4833,5096
4835,4836,5096
4841,4842,4843,5096
4855,4856,4857,4858,5096
4885,4886,4887,4888,4889,5096
4947,4948,4949,4950,4951,4952,5096
5073,5074,5075,5076,5077,5078,5079,5096
8176
4586,8176
4588,4589,8176
4594,4595,4596,8176
4608,4609,4610,4611,8176
4638,4639,4640,4641,4642,8176
4700,4701,4702,4703,4704,4705,8176
4826,4827,4828,4829,4830,4831,4832,8176
5080,5081,5082,5083,5084,5085,5086,5087,8176
6111
5100
6112
5098,6112
5106
5104
5107
5102,5107
6113
5101,6113
5103,5104,6113
5120
5111
5121
5109,5121
5117
5115
5118
5113,5118
5122
5112,5122
5114,5115,5122
6114
5108,6114
5110,5111,6114
5116,5117,5118,6114
5150
5126
5151
5124,5151
5132
5130
5133
5128,5133
5152
5127,5152
5129,5130,5152
5146
5137
5147
5135,5147
5143
5141
5144
5139,5144
5148
5138,5148
5140,5141,5148
5153
5134,5153
5136,5137,5153
5142,5143,5144,5153
6115
5123,6115
5125,5126,6115
5131,5132,5133,6115
5145,5146,5147,5148,6115
5212
5157
5213
5155,5213
5163
5161
5164
5159,5164
5214
5158,5214
5160,5161,5214
5177
5168
5178
5166,5178
5174
5172
5175
5170,5175
5179
5169,5179
5171,5172,5179
5215
5165,5215
5167,5168,5215
5173,5174,5175,5215
5207
5183
5208
5181,5208
5189
5187
5190
5185,5190
5209
5184,5209
5186,5187,5209
5203
5194
5204
5192,5204
5200
5198
5201
5196,5201
5205
5195,5205
5197,5198,5205
5210
5191,5210
5193,5194,5210
5199,5200,5201,5210
5216
5180,5216
5182,5183,5216
5188,5189,5190,5216
5202,5203,5204,5205,5216
6116
5154,6116
5156,5157,6116
5162,5163,5164,6116
5176,5177,5178,5179,6116
5206,5207,5208,5209,5210,6116
5338
5220
5339
5218,5339
5226
5224
5227
5222,5227
5340
5221,5340
5223,5224,5340
5240
5231
5241
5229,5241
5237
5235
5238
5233,5238
5242
5232,5242
5234,5235,5242
5341
5228,5341
5230,5231,5341
5236,5237,5238,5341
5270
5246
5271
5244,5271
5252
5250
5253
5248,5253
5272
5247,5272
5249,5250,5272
5266
5257
5267
5255,5267
5263
5261
5264
5259,5264
5268
5258,5268
5260,5261,5268
5273
5254,5273
5256,5257,5273
5262,5263,5264,5273
5342
5243,5342
5245,5246,5342
5251,5252,5253,5342
5265,5266,5267,5268,5342
5332
5277
5333
5275,5333
5283
5281
5284
5279,5284
5334
5278,5334
5280,5281,5334
5297
5288
5298
5286,5298
5294
5292
5295
5290,5295
5299
5289,5299
5291,5292,5299
5335
5285,5335
5287,5288,5335
5293,5294,5295,5335
5327
5303
5328
5301,5328
5309
5307
5310
5305,5310
5329
5304,5329
5306,5307,5329
5323
5314
5324
5312,5324
5320
5318
5321
5316,5321
5325
5315,5325
5317,5318,5325
5330
5311,5330
5313,5314,5330
5319,5320,5321,5330
5336
5300,5336
5302,5303,5336
5308,5309,5310,5336
5322,5323,5324,5325,5336
5343
5274,5343
5276,5277,5343
5282,5283,5284,5343
5296,5297,5298,5299,5343
5326,5327,5328,5329,5330,5343
6117
5217,6117
5219,5220,6117
5225,5226,5227,6117
5239,5240,5241,5242,6117
5269,5270,5271,5272,5273,6117
5331,5332,5333,5334,5335,5336,6117
5592
5347
5593
5345,5593
5353
5351
5354
5349,5354
5594
5348,5594
5350,5351,5594
5367
5358
5368
5356,5368
5364
5362
5365
5360,5365
5369
5359,5369
5361,5362,5369
5595
5355,5595
5357,5358,5595
5363,5364,5365,5595
5397
5373
5398
5371,5398
5379
5377
5380
5375,5380
5399
5374,5399
5376,5377,5399
5393
5384
5394
5382,5394
5390
5388
5391
5386,5391
5395
5385,5395
5387,5388,5395
5400
5381,5400
5383,5384,5400
5389,5390,5391,5400
5596
5370,5596
5372,5373,5596
5378,5379,5380,5596
5392,5393,5394,5395,5596
5459
5404
5460
5402,5460
5410
5408
5411
5406,5411
5461
5405,5461
5407,5408,5461
5424
5415
5425
5413,5425
5421
5419
5422
5417,5422
5426
5416,5426
5418,5419,5426
5462
5412,5462
5414,5415,5462
5420,5421,5422,5462
5454
5430
5455
5428,5455
5436
5434
5437
5432,5437
5456
5431,5456
5433,5434,5456
5450
5441
5451
5439,5451
5447
5445
5448
5443,5448
5452
5442,5452
5444,5445,5452
5457
5438,5457
5440,5441,5457
5446,5447,5448,5457
5463
5427,5463
5429,5430,5463
5435,5436,5437,5463
5449,5450,5451,5452,5463
5597
5401,5597
5403,5404,5597
5409,5410,5411,5597
5423,5424,5425,5426,5597
5453,5454,5455,5456,5457,5597
5585
5467
5586
5465,5586
5473
5471
5474
5469,5474
5587
5468,5587
5470,5471,5587
5487
5478
5488
5476,5488
5484
5482
5485
5480,5485
5489
5479,5489
5481,5482,5489
5588
5475,5588
5477,5478,5588
5483,5484,5485,5588
5517
5493
5518
5491,5518
5499
5497
5500
5495,5500
5519
5494,5519
5496,5497,5519
5513
5504
5514
5502,5514
5510
5508
5511
5506,5511
5515
5505,5515
5507,5508,5515
5520
5501,5520
5503,5504,5520
5509,5510,5511,5520
5589
5490,5589
5492,5493,5589
5498,5499,5500,5589
5512,5513,5514,5515,5589
5579
5524
5580
5522,5580
5530
5528
5531
5526,5531
5581
5525,5581
5527,5528,5581
5544
5535
5545
5533,5545
5541
5539
5542
5537,5542
5546
5536,5546
5538,5539,5546
5582
5532,5582
5534,5535,5582
5540,5541,5542,5582
5574
5550
5575
5548,5575
5556
5554
5557
5552,5557
5576
5551,5576
5553,5554,5576
5570
5561
5571
5559,5571
5567
5565
5568
5563,5568
5572
5562,5572
5564,5565,5572
5577
5558,5577
5560,5561,5577
5566,5567,5568,5577
5583
5547,5583
5549,5550,5583
5555,5556,5557,5583
5569,5570,5571,5572,5583
5590
5521,5590
5523,5524,5590
5529,5530,5531,5590
5543,5544,5545,5546,5590
5573,5574,5575,5576,5577,5590
5598
5464,5598
5466,5467,5598
5472,5473,5474,5598
5486,5487,5488,5489,5598
5516,5517,5518,5519,5520,5598
5578,5579,5580,5581,5582,5583,5598
6118
5344,6118
5346,5347,6118
5352,5353,5354,6118
5366,5367,5368,5369,6118
5396,5397,5398,5399,5400,6118
5458,5459,5460,5461,5462,5463,6118
5584,5585,5586,5587,5588,5589,5590,6118
6102
5602
6103
5600,6103
5608
5606
5609
5604,5609
6104
5603,6104
5605,5606,6104
5622
5613
5623
5611,5623
5619
5617
5620
5615,5620
5624
5614,5624
5616,5617,5624
6105
5610,6105
5612,5613,6105
5618,5619,5620,6105
5652
5628
5653
5626,5653
5634
5632
5635
5630,5635
5654
5629,5654
5631,5632,5654
5648
5639
5649
5637,5649
5645
5643
5646
5641,5646
5650
5640,5650
5642,5643,5650
5655
5636,5655
5638,5639,5655
5644,5645,5646,5655
6106
5625,6106
5627,5628,6106
5633,5634,5635,6106
5647,5648,5649,5650,6106
5714
5659
5715
5657,5715
5665
5663
5666
5661,5666
5716
5660,5716
5662,5663,5716
5679
5670
5680
5668,5680
5676
5674
5677
5672,5677
5681
5671,5681
5673,5674,5681
5717
5667,5717
5669,5670,5717
5675,5676,5677,5717
5709
5685
5710
5683,5710
5691
5689
5692
5687,5692
5711
5686,5711
5688,5689,5711
5705
5696
5706
5694,5706
5702
5700
5703
5698,5703
5707
5697,5707
5699,5700,5707
5712
5693,5712
5695,5696,5712
5701,5702,5703,5712
5718
5682,5718
5684,5685,5718
5690,5691,5692,5718
5704,5705,5706,5707,5718
6107
5656,6107
5658,5659,6107
5664,5665,5666,6107
5678,5679,5680,5681,6107
5708,5709,5710,5711,5712,6107
5840
5722
5841
5720,5841
5728
5726
5729
5724,5729
5842
5723,5842
5725,5726,5842
5742
5733
5743
5731,5743
5739
5737
5740
5735,5740
5744
5734,5744
5736,5737,5744
5843
5730,5843
5732,5733,5843
5738,5739,5740,5843
5772
5748
5773
5746,5773
5754
5752
5755
5750,5755
5774
5749,5774
5751,5752,5774
5768
5759
5769
5757,5769
5765
5763
5766
5761,5766
5770
5760,5770
5762,5763,5770
5775
5756,5775
5758,5759,5775
5764,5765,5766,5775
5844
5745,5844
5747,5748,5844
5753,5754,5755,5844
5767,5768,5769,5770,5844
5834
5779
5835
5777,5835
5785
5783
5786
5781,5786
5836
5780,5836
5782,5783,5836
5799
5790
5800
5788,5800
5796
5794
5797
5792,5797
5801
5791,5801
5793,5794,5801
5837
5787,5837
5789,5790,5837
5795,5796,5797,5837
5829
5805
5830
5803,5830
5811
5809
5812
5807,5812
5831
5806,5831
5808,5809,5831
5825
5816
5826
5814,5826
5822
5820
5823
5818,5823
5827
5817,5827
5819,5820,5827
5832
5813,5832
5815,5816,5832
5821,5822,5823,5832
5838
5802,5838
5804,5805,5838
5810,5811,5812,5838
5824,5825,5826,5827,5838
5845
5776,5845
5778,5779,5845
5784,5785,5786,5845
5798,5799,5800,5801,5845
5828,5829,5830,5831,5832,5845
6108
5719,6108
5721,5722,6108
5727,5728,5729,6108
5741,5742,5743,5744,6108
5771,5772,5773,5774,5775,6108
5833,5834,5835,5836,5837,5838,6108
6094
5849
6095
5847,6095
5855
5853
5856
5851,5856
6096
5850,6096
5852,5853,6096
5869
5860
5870
5858,5870
5866
5864
5867
5862,5867
5871
5861,5871
5863,5864,5871
6097
5857,6097
5859,5860,6097
5865,5866,5867,6097
5899
5875
5900
5873,5900
5881
5879
5882
5877,5882
5901
5876,5901
5878,5879,5901
5895
5886
5896
5884,5896
5892
5890
5893
5888,5893
5897
5887,5897
5889,5890,5897
5902
5883,5902
5885,5886,5902
5891,5892,5893,5902
6098
5872,6098
5874,5875,6098
5880,5881,5882,6098
5894,5895,5896,5897,6098
5961
5906
5962
5904,5962
5912
5910
5913
5908,5913
5963
5907,5963
5909,5910,5963
5926
5917
5927
5915,5927
5923
5921
5924
5919,5924
5928
5918,5928
5920,5921,5928
5964
5914,5964
5916,5917,5964
5922,5923,5924,5964
5956
5932
5957
5930,5957
5938
5936
5939
5934,5939
5958
5933,5958
5935,5936,5958
5952
5943
5953
5941,5953
5949
5947
5950
5945,5950
5954
5944,5954
5946,5947,5954
5959
5940,5959
5942,5943,5959
5948,5949,5950,5959
5965
5929,5965
5931,5932,5965
5937,5938,5939,5965
5951,5952,5953,5954,5965
6099
5903,6099
5905,5906,6099
5911,5912,5913,6099
5925,5926,5927,5928,6099
5955,5956,5957,5958,5959,6099
6087
5969
6088
5967,6088
5975
5973
5976
5971,5976
6089
5970,6089
5972,5973,6089
5989
5980
5990
5978,5990
5986
5984
5987
5982,5987
5991
5981,5991
5983,5984,5991
6090
5977,6090
5979,5980,6090
5985,5986,5987,6090
6019
5995
6020
5993,6020
6001
5999
6002
5997,6002
6021
5996,6021
5998,5999,6021
6015
6006
6016
6004,6016
6012
6010
6013
6008,6013
6017
6007,6017
6009,6010,6017
6022
6003,6022
6005,6006,6022
6011,6012,6013,6022
6091
5992,6091
5994,5995,6091
6000,6001,6002,6091
6014,6015,6016,6017,6091
6081
6026
6082
6024,6082
6032
6030
6033
6028,6033
6083
6027,6083
6029,6030,6083
6046
6037
6047
6035,6047
6043
6041
6044
6039,6044
6048
6038,6048
6040,6041,6048
6084
6034,6084
6036,6037,6084
6042,6043,6044,6084
6076
6052
6077
6050,6077
6058
6056
6059
6054,6059
6078
6053,6078
6055,6056,6078
6072
6063
6073
6061,6073
6069
6067
6070
6065,6070
6074
6064,6074
6066,6067,6074
6079
6060,6079
6062,6063,6079
6068,6069,6070,6079
6085
6049,6085
6051,6052,6085
6057,6058,6059,6085
6071,6072,6073,6074,6085
6092
6023,6092
6025,6026,6092
6031,6032,6033,6092
6045,6046,6047,6048,6092
6075,6076,6077,6078,6079,6092
6100
5966,6100
5968,5969,6100
5974,5975,5976,6100
5988,5989,5990,5991,6100
6018,6019,6020,6021,6022,6100
6080,6081,6082,6083,6084,6085,6100
6109
5846,6109
5848,5849,6109
5854,5855,5856,6109
5868,5869,5870,5871,6109
5898,5899,5900,5901,5902,6109
5960,5961,5962,5963,5964,5965,6109
6086,6087,6088,6089,6090,6091,6092,6109
6119
5599,6119
5601,5602,6119
5607,5608,5609,6119
5621,5622,5623,5624,6119
5651,5652,5653,5654,5655,6119
5713,5714,5715,5716,5717,5718,6119
5839,5840,5841,5842,5843,5844,5845,6119
6093,6094,6095,6096,6097,6098,6099,6100,6119
8177
5097,8177
5099,5100,8177
5105,5106,5107,8177
5119,5120,5121,5122,8177
5149,5150,5151,5152,5153,8177
5211,5212,5213,5214,5215,5216,8177
5337,5338,5339,5340,5341,5342,5343,8177
5591,5592,5593,5594,5595,5596,5597,5598,8177
6101,6102,6103,6104,6105,6106,6107,6108,6109,8177
8157
6123
8158
6121,8158
6129
6127
6130
6125,6130
8159
6124,8159
6126,6127,8159
6143
6134
6144
6132,6144
6140
6138
6141
6136,6141
6145
6135,6145
6137,6138,6145
8160
6131,8160
6133,6134,8160
6139,6140,6141,8160
6173
6149
6174
6147,6174
6155
6153
6156
6151,6156
6175
6150,6175
6152,6153,6175
6169
6160
6170
6158,6170
6166
6164
6167
6162,6167
6171
6161,6171
6163,6164,6171
6176
6157,6176
6159,6160,6176
6165,6166,6167,6176
8161
6146,8161
6148,6149,8161
6154,6155,6156,8161
6168,6169,6170,6171,8161
6235
6180
6236
6178,6236
6186
6184
6187
6182,6187
6237
6181,6237
6183,6184,6237
6200
6191
6201
6189,6201
6197
6195
6198
6193,6198
6202
6192,6202
6194,6195,6202
6238
6188,6238
6190,6191,6238
6196,6197,6198,6238
6230
6206
6231
6204,6231
6212
6210
6213
6208,6213
6232
6207,6232
6209,6210,6232
6226
6217
6227
6215,6227
6223
6221
6224
6219,6224
6228
6218,6228
6220,6221,6228
6233
6214,6233
6216,6217,6233
6222,6223,6224,6233
6239
6203,6239
6205,6206,6239
6211,6212,6213,6239
6225,6226,6227,6228,6239
8162
6177,8162
6179,6180,8162
6185,6186,6187,8162
6199,6200,6201,6202,8162
6229,6230,6231,6232,6233,8162
6361
6243
6362
6241,6362
6249
6247
6250
6245,6250
6363
6244,6363
6246,6247,6363
6263
6254
6264
6252,6264
6260
6258
6261
6256,6261
6265
6255,6265
6257,6258,6265
6364
6251,6364
6253,6254,6364
6259,6260,6261,6364
6293
6269
6294
6267,6294
6275
6273
6276
6271,6276
6295
6270,6295
6272,6273,6295
6289
6280
6290
6278,6290
6286
6284
6287
6282,6287
6291
6281,6291
6283,6284,6291
6296
6277,6296
6279,6280,6296
6285,6286,6287,6296
6365
6266,6365
6268,6269,6365
6274,6275,6276,6365
6288,6289,6290,6291,6365
6355
6300
6356
6298,6356
6306
6304
6307
6302,6307
6357
6301,6357
6303,6304,6357
6320
6311
6321
6309,6321
6317
6315
6318
6313,6318
6322
6312,6322
6314,6315,6322
6358
6308,6358
6310,6311,6358
6316,6317,6318,6358
6350
6326
6351
6324,6351
6332
6330
6333
6328,6333
6352
6327,6352
6329,6330,6352
6346
6337
6347
6335,6347
6343
6341
6344
6339,6344
6348
6338,6348
6340,6341,6348
6353
6334,6353
6336,6337,6353
6342,6343,6344,6353
6359
6323,6359
6325,6326,6359
6331,6332,6333,6359
6345,6346,6347,6348,6359
6366
6297,6366
6299,6300,6366
6305,6306,6307,6366
6319,6320,6321,6322,6366
6349,6350,6351,6352,6353,6366
8163
6240,8163
6242,6243,8163
6248,6249,6250,8163
6262,6263,6264,6265,8163
6292,6293,6294,6295,6296,8163
6354,6355,6356,6357,6358,6359,8163
6615
6370
6616
6368,6616
6376
6374
6377
6372,6377
6617
6371,6617
6373,6374,6617
6390
6381
6391
6379,6391
6387
6385
6388
6383,6388
6392
6382,6392
6384,6385,6392
6618
6378,6618
6380,6381,6618
6386,6387,6388,6618
6420
6396
6421
6394,6421
6402
6400
6403
6398,6403
6422
6397,6422
6399,6400,6422
6416
6407
6417
6405,6417
6413
6411
6414
6409,6414
6418
6408,6418
6410,6411,6418
6423
6404,6423
6406,6407,6423
6412,6413,6414,6423
6619
6393,6619
6395,6396,6619
6401,6402,6403,6619
6415,6416,6417,6418,6619
6482
6427
6483
6425,6483
6433
6431
6434
6429,6434
6484
6428,6484
6430,6431,6484
6447
6438
6448
6436,6448
6444
6442
6445
6440,6445
6449
6439,6449
6441,6442,6449
6485
6435,6485
6437,6438,6485
6443,6444,6445,6485
6477
6453
6478
6451,6478
6459
6457
6460
6455,6460
6479
6454,6479
6456,6457,6479
6473
6464
6474
6462,6474
6470
6468
6471
6466,6471
6475
6465,6475
6467,6468,6475
6480
6461,6480
6463,6464,6480
6469,6470,6471,6480
6486
6450,6486
6452,6453,6486
6458,6459,6460,6486
6472,6473,6474,6475,6486
6620
6424,6620
6426,6427,6620
6432,6433,6434,6620
6446,6447,6448,6449,6620
6476,6477,6478,6479,6480,6620
6608
6490
6609
6488,6609
6496
6494
6497
6492,6497
6610
6491,6610
6493,6494,6610
6510
6501
6511
6499,6511
6507
6505
6508
6503,6508
6512
6502,6512
6504,6505,6512
6611
6498,6611
6500,6501,6611
6506,6507,6508,6611
6540
6516
6541
6514,6541
6522
6520
6523
6518,6523
6542
6517,6542
6519,6520,6542
6536
6527
6537
6525,6537
6533
6531
6534
6529,6534
6538
6528,6538
6530,6531,6538
6543
6524,6543
6526,6527,6543
6532,6533,6534,6543
6612
6513,6612
6515,6516,6612
6521,6522,6523,6612
6535,6536,6537,6538,6612
6602
6547
6603
6545,6603
6553
6551
6554
6549,6554
6604
6548,6604
6550,6551,6604
6567
6558
6568
6556,6568
6564
6562
6565
6560,6565
6569
6559,6569
6561,6562,6569
6605
6555,6605
6557,6558,6605
6563,6564,6565,6605
6597
6573
6598
6571,6598
6579
6577
6580
6575,6580
6599
6574,6599
6576,6577,6599
6593
6584
6594
6582,6594
6590
6588
6591
6586,6591
6595
6585,6595
6587,6588,6595
6600
6581,6600
6583,6584,6600
6589,6590,6591,6600
6606
6570,6606
6572,6573,6606
6578,6579,6580,6606
6592,6593,6594,6595,6606
6613
6544,6613
6546,6547,6613
6552,6553,6554,6613
6566,6567,6568,6569,6613
6596,6597,6598,6599,6600,6613
6621
6487,6621
6489,6490,6621
6495,6496,6497,6621
6509,6510,6511,6512,6621
6539,6540,6541,6542,6543,6621
6601,6602,6603,6604,6605,6606,6621
8164
6367,8164
6369,6370,8164
6375,6376,6377,8164
6389,6390,6391,6392,8164
6419,6420,6421,6422,6423,8164
6481,6482,6483,6484,6485,6486,8164
6607,6608,6609,6610,6611,6612,6613,8164
7125
6625
7126
6623,7126
6631
6629
6632
6627,6632
7127
6626,7127
6628,6629,7127
6645
6636
6646
6634,6646
6642
6640
6643
6638,6643
6647
6637,6647
6639,6640,6647
7128
6633,7128
6635,6636,7128
6641,6642,6643,7128
6675
6651
6676
6649,6676
6657
6655
6658
6653,6658
6677
6652,6677
6654,6655,6677
6671
6662
6672
6660,6672
6668
6666
6669
6664,6669
6673
6663,6673
6665,6666,6673
6678
6659,6678
6661,6662,6678
6667,6668,6669,6678
7129
6648,7129
6650,6651,7129
6656,6657,6658,7129
6670,6671,6672,6673,7129
6737
6682
6738
6680,6738
6688
6686
6689
6684,6689
6739
6683,6739
6685,6686,6739
6702
6693
6703
6691,6703
6699
6697
6700
6695,6700
6704
6694,6704
6696,6697,6704
6740
6690,6740
6692,6693,6740
6698,6699,6700,6740
6732
6708
6733
6706,6733
6714
6712
6715
6710,6715
6734
6709,6734
6711,6712,6734
6728
6719
6729
6717,6729
6725
6723
6726
6721,6726
6730
6720,6730
6722,6723,6730
6735
6716,6735
6718,6719,6735
6724,6725,6726,6735
6741
6705,6741
6707,6708,6741
6713,6714,6715,6741
6727,6728,6729,6730,6741
7130
6679,7130
6681,6682,7130
6687,6688,6689,7130
6701,6702,6703,6704,7130
6731,6732,6733,6734,6735,7130
6863
6745
6864
6743,6864
6751
6749
6752
6747,6752
6865
6746,6865
6748,6749,6865
6765
6756
6766
6754,6766
6762
6760
6763
6758,6763
6767
6757,6767
6759,6760,6767
6866
6753,6866
6755,6756,6866
6761,6762,6763,6866
6795
6771
6796
6769,6796
6777
6775
6778
6773,6778
6797
6772,6797
6774,6775,6797
6791
6782
6792
6780,6792
6788
6786
6789
6784,6789
6793
6783,6793
6785,6786,6793
6798
6779,6798
6781,6782,6798
6787,6788,6789,6798
6867
6768,6867
6770,6771,6867
6776,6777,6778,6867
6790,6791,6792,6793,6867
6857
6802
6858
6800,6858
6808
6806
6809
6804,6809
6859
6803,6859
6805,6806,6859
6822
6813
6823
6811,6823
6819
6817
6820
6815,6820
6824
6814,6824
6816,6817,6824
6860
6810,6860
6812,6813,6860
6818,6819,6820,6860
6852
6828
6853
6826,6853
6834
6832
6835
6830,6835
6854
6829,6854
6831,6832,6854
6848
6839
6849
6837,6849
6845
6843
6846
6841,6846
6850
6840,6850
6842,6843,6850
6855
6836,6855
6838,6839,6855
6844,6845,6846,6855
6861
6825,6861
6827,6828,6861
6833,6834,6835,6861
6847,6848,6849,6850,6861
6868
6799,6868
6801,6802,6868
6807,6808,6809,6868
6821,6822,6823,6824,6868
6851,6852,6853,6854,6855,6868
7131
6742,7131
6744,6745,7131
6750,6751,6752,7131
6764,6765,6766,6767,7131
6794,6795,6796,6797,6798,7131
6856,6857,6858,6859,6860,6861,7131
7117
6872
7118
6870,7118
6878
6876
6879
6874,6879
7119
6873,7119
6875,6876,7119
6892
6883
6893
6881,6893
6889
6887
6890
6885,6890
6894
6884,6894
6886,6887,6894
7120
6880,7120
6882,6883,7120
6888,6889,6890,7120
6922
6898
6923
6896,6923
6904
6902
6905
6900,6905
6924
6899,6924
6901,6902,6924
6918
6909
6919
6907,6919
6915
6913
6916
6911,6916
6920
6910,6920
6912,6913,6920
6925
6906,6925
6908,6909,6925
6914,6915,6916,6925
7121
6895,7121
6897,6898,7121
6903,6904,6905,7121
6917,6918,6919,6920,7121
6984
6929
6985
6927,6985
6935
6933
6936
6931,6936
6986
6930,6986
6932,6933,6986
6949
6940
6950
6938,6950
6946
6944
6947
6942,6947
6951
6941,6951
6943,6944,6951
6987
6937,6987
6939,6940,6987
6945,6946,6947,6987
6979
6955
6980
6953,6980
6961
6959
6962
6957,6962
6981
6956,6981
6958,6959,6981
6975
6966
6976
6964,6976
6972
6970
6973
6968,6973
6977
6967,6977
6969,6970,6977
6982
6963,6982
6965,6966,6982
6971,6972,6973,6982
6988
6952,6988
6954,6955,6988
6960,6961,6962,6988
6974,6975,6976,6977,6988
7122
6926,7122
6928,6929,7122
6934,6935,6936,7122
6948,6949,6950,6951,7122
6978,6979,6980,6981,6982,7122
7110
6992
7111
6990,7111
6998
6996
6999
6994,6999
7112
6993,7112
6995,6996,7112
7012
7003
7013
7001,7013
7009
7007
7010
7005,7010
7014
7004,7014
7006,7007,7014
7113
7000,7113
7002,7003,7113
7008,7009,7010,7113
7042
7018
7043
7016,7043
7024
7022
7025
7020,7025
7044
7019,7044
7021,7022,7044
7038
7029
7039
7027,7039
7035
7033
7036
7031,7036
7040
7030,7040
7032,7033,7040
7045
7026,7045
7028,7029,7045
7034,7035,7036,7045
7114
7015,7114
7017,7018,7114
7023,7024,7025,7114
7037,7038,7039,7040,7114
7104
7049
7105
7047,7105
7055
7053
7056
7051,7056
7106
7050,7106
7052,7053,7106
7069
7060
7070
7058,7070
7066
7064
7067
7062,7067
7071
7061,7071
7063,7064,7071
7107
7057,7107
7059,7060,7107
7065,7066,7067,7107
7099
7075
7100
7073,7100
7081
7079
7082
7077,7082
7101
7076,7101
7078,7079,7101
7095
7086
7096
7084,7096
7092
7090
7093
7088,7093
7097
7087,7097
7089,7090,7097
7102
7083,7102
7085,7086,7102
7091,7092,7093,7102
7108
7072,7108
7074,7075,7108
7080,7081,7082,7108
7094,7095,7096,7097,7108
7115
7046,7115
7048,7049,7115
7054,7055,7056,7115
7068,7069,7070,7071,7115
7098,7099,7100,7101,7102,7115
7123
6989,7123
6991,6992,7123
6997,6998,6999,7123
7011,7012,7013,7014,7123
7041,7042,7043,7044,7045,7123
7103,7104,7105,7106,7107,7108,7123
7132
6869,7132
6871,6872,7132
6877,6878,6879,7132
6891,6892,6893,6894,7132
6921,6922,6923,6924,6925,7132
6983,6984,6985,6986,6987,6988,7132
7109,7110,7111,7112,7113,7114,7115,7132
8165
6622,8165
6624,6625,8165
6630,6631,6632,8165
6644,6645,6646,6647,8165
6674,6675,6676,6677,6678,8165
6736,6737,6738,6739,6740,6741,8165
6862,6863,6864,6865,6866,6867,6868,8165
7116,7117,7118,7119,7120,7121,7122,7123,8165
8147
7136
8148
7134,8148
7142
7140
7143
7138,7143
8149
7137,8149
7139,7140,8149
7156
7147
7157
7145,7157
7153
7151
7154
7149,7154
7158
7148,7158
7150,7151,7158
8150
7144,8150
7146,7147,8150
7152,7153,7154,8150
7186
7162
7187
7160,7187
7168
7166
7169
7164,7169
7188
7163,7188
7165,7166,7188
7182
7173
7183
7171,7183
7179
7177
7180
7175,7180
7184
7174,7184
7176,7177,7184
7189
7170,7189
7172,7173,7189
7178,7179,7180,7189
8151
7159,8151
7161,7162,8151
7167,7168,7169,8151
7181,7182,7183,7184,8151
7248
7193
7249
7191,7249
7199
7197
7200
7195,7200
7250
7194,7250
7196,7197,7250
7213
7204
7214
7202,7214
7210
7208
7211
7206,7211
7215
7205,7215
7207,7208,7215
7251
7201,7251
7203,7204,7251
7209,7210,7211,7251
7243
7219
7244
7217,7244
7225
7223
7226
7221,7226
7245
7220,7245
7222,7223,7245
7239
7230
7240
7228,7240
7236
7234
7237
7232,7237
7241
7231,7241
7233,7234,7241
7246
7227,7246
7229,7230,7246
7235,7236,7237,7246
7252
7216,7252
7218,7219,7252
7224,7225,7226,7252
7238,7239,7240,7241,7252
8152
7190,8152
7192,7193,8152
7198,7199,7200,8152
7212,7213,7214,7215,8152
7242,7243,7244,7245,7246,8152
7374
7256
7375
7254,7375
7262
7260
7263
7258,7263
7376
7257,7376
7259,7260,7376
7276
7267
7277
7265,7277
7273
7271
7274
7269,7274
7278
7268,7278
7270,7271,7278
7377
7264,7377
7266,7267,7377
7272,7273,7274,7377
7306
7282
7307
7280,7307
7288
7286
7289
7284,7289
7308
7283,7308
7285,7286,7308
7302
7293
7303
7291,7303
7299
7297
7300
7295,7300
7304
7294,7304
7296,7297,7304
7309
7290,7309
7292,7293,7309
7298,7299,7300,7309
7378
7279,7378
7281,7282,7378
7287,7288,7289,7378
7301,7302,7303,7304,7378
7368
7313
7369
7311,7369
7319
7317
7320
7315,7320
7370
7314,7370
7316,7317,7370
7333
7324
7334
7322,7334
7330
7328
7331
7326,7331
7335
7325,7335
7327,7328,7335
7371
7321,7371
7323,7324,7371
7329,7330,7331,7371
7363
7339
7364
7337,7364
7345
7343
7346
7341,7346
7365
7340,7365
7342,7343,7365
7359
7350
7360
7348,7360
7356
7354
7357
7352,7357
7361
7351,7361
7353,7354,7361
7366
7347,7366
7349,7350,7366
7355,7356,7357,7366
7372
7336,7372
7338,7339,7372
7344,7345,7346,7372
7358,7359,7360,7361,7372
7379
7310,7379
7312,7313,7379
7318,7319,7320,7379
7332,7333,7334,7335,7379
7362,7363,7364,7365,7366,7379
8153
7253,8153
7255,7256,8153
7261,7262,7263,8153
7275,7276,7277,7278,8153
7305,7306,7307,7308,7309,8153
7367,7368,7369,7370,7371,7372,8153
7628
7383
7629
7381,7629
7389
7387
7390
7385,7390
7630
7384,7630
7386,7387,7630
7403
7394
7404
7392,7404
7400
7398
7401
7396,7401
7405
7395,7405
7397,7398,7405
7631
7391,7631
7393,7394,7631
7399,7400,7401,7631
7433
7409
7434
7407,7434
7415
7413
7416
7411,7416
7435
7410,7435
7412,7413,7435
7429
7420
7430
7418,7430
7426
7424
7427
7422,7427
7431
7421,7431
7423,7424,7431
7436
7417,7436
7419,7420,7436
7425,7426,7427,7436
7632
7406,7632
7408,7409,7632
7414,7415,7416,7632
7428,7429,7430,7431,7632
7495
7440
7496
7438,7496
7446
7444
7447
7442,7447
7497
7441,7497
7443,7444,7497
7460
7451
7461
7449,7461
7457
7455
7458
7453,7458
7462
7452,7462
7454,7455,7462
7498
7448,7498
7450,7451,7498
7456,7457,7458,7498
7490
7466
7491
7464,7491
7472
7470
7473
7468,7473
7492
7467,7492
7469,7470,7492
7486
7477
7487
7475,7487
7483
7481
7484
7479,7484
7488
7478,7488
7480,7481,7488
7493
7474,7493
7476,7477,7493
7482,7483,7484,7493
7499
7463,7499
7465,7466,7499
7471,7472,7473,7499
7485,7486,7487,7488,7499
7633
7437,7633
7439,7440,7633
7445,7446,7447,7633
7459,7460,7461,7462,7633
7489,7490,7491,7492,7493,7633
7621
7503
7622
7501,7622
7509
7507
7510
7505,7510
7623
7504,7623
7506,7507,7623
7523
7514
7524
7512,7524
7520
7518
7521
7516,7521
7525
7515,7525
7517,7518,7525
7624
7511,7624
7513,7514,7624
7519,7520,7521,7624
7553
7529
7554
7527,7554
7535
7533
7536
7531,7536
7555
7530,7555
7532,7533,7555
7549
7540
7550
7538,7550
7546
7544
7547
7542,7547
7551
7541,7551
7543,7544,7551
7556
7537,7556
7539,7540,7556
7545,7546,7547,7556
7625
7526,7625
7528,7529,7625
7534,7535,7536,7625
7548,7549,7550,7551,7625
7615
7560
7616
7558,7616
7566
7564
7567
7562,7567
7617
7561,7617
7563,7564,7617
7580
7571
7581
7569,7581
7577
7575
7578
7573,7578
7582
7572,7582
7574,7575,7582
7618
7568,7618
7570,7571,7618
7576,7577,7578,7618
7610
7586
7611
7584,7611
7592
7590
7593
7588,7593
7612
7587,7612
7589,7590,7612
7606
7597
7607
7595,7607
7603
7601
7604
7599,7604
7608
7598,7608
7600,7601,7608
7613
7594,7613
7596,7597,7613
7602,7603,7604,7613
7619
7583,7619
7585,7586,7619
7591,7592,7593,7619
7605,7606,7607,7608,7619
7626
7557,7626
7559,7560,7626
7565,7566,7567,7626
7579,7580,7581,7582,7626
7609,7610,7611,7612,7613,7626
7634
7500,7634
7502,7503,7634
7508,7509,7510,7634
7522,7523,7524,7525,7634
7552,7553,7554,7555,7556,7634
7614,7615,7616,7617,7618,7619,7634
8154
7380,8154
7382,7383,8154
7388,7389,7390,8154
7402,7403,7404,7405,8154
7432,7433,7434,7435,7436,8154
7494,7495,7496,7497,7498,7499,8154
7620,7621,7622,7623,7624,7625,7626,8154
8138
7638
8139
7636,8139
7644
7642
7645
7640,7645
8140
7639,8140
7641,7642,8140
7658
7649
7659
7647,7659
7655
7653
7656
7651,7656
7660
7650,7660
7652,7653,7660
8141
7646,8141
7648,7649,8141
7654,7655,7656,8141
7688
7664
7689
7662,7689
7670
7668
7671
7666,7671
7690
7665,7690
7667,7668,7690
7684
7675
7685
7673,7685
7681
7679
7682
7677,7682
7686
7676,7686
7678,7679,7686
7691
7672,7691
7674,7675,7691
7680,7681,7682,7691
8142
7661,8142
7663,7664,8142
7669,7670,7671,8142
7683,7684,7685,7686,8142
7750
7695
7751
7693,7751
7701
7699
7702
7697,7702
7752
7696,7752
7698,7699,7752
7715
7706
7716
7704,7716
7712
7710
7713
7708,7713
7717
7707,7717
7709,7710,7717
7753
7703,7753
7705,7706,7753
7711,7712,7713,7753
7745
7721
7746
7719,7746
7727
7725
7728
7723,7728
7747
7722,7747
7724,7725,7747
7741
7732
7742
7730,7742
7738
7736
7739
7734,7739
7743
7733,7743
7735,7736,7743
7748
7729,7748
7731,7732,7748
7737,7738,7739,7748
7754
7718,7754
7720,7721,7754
7726,7727,7728,7754
7740,7741,7742,7743,7754
8143
7692,8143
7694,7695,8143
7700,7701,7702,8143
7714,7715,7716,7717,8143
7744,7745,7746,7747,7748,8143
7876
7758
7877
7756,7877
7764
7762
7765
7760,7765
7878
7759,7878
7761,7762,7878
7778
7769
7779
7767,7779
7775
7773
7776
7771,7776
7780
7770,7780
7772,7773,7780
7879
7766,7879
7768,7769,7879
7774,7775,7776,7879
7808
7784
7809
7782,7809
7790
7788
7791
7786,7791
7810
7785,7810
7787,7788,7810
7804
7795
7805
7793,7805
7801
7799
7802
7797,7802
7806
7796,7806
7798,7799,7806
7811
7792,7811
7794,7795,7811
7800,7801,7802,7811
7880
7781,7880
7783,7784,7880
7789,7790,7791,7880
7803,7804,7805,7806,7880
7870
7815
7871
7813,7871
7821
7819
7822
7817,7822
7872
7816,7872
7818,7819,7872
7835
7826
7836
7824,7836
7832
7830
7833
7828,7833
7837
7827,7837
7829,7830,7837
7873
7823,7873
7825,7826,7873
7831,7832,7833,7873
7865
7841
7866
7839,7866
7847
7845
7848
7843,7848
7867
7842,7867
7844,7845,7867
7861
7852
7862
7850,7862
7858
7856
7859
7854,7859
7863
7853,7863
7855,7856,7863
7868
7849,7868
7851,7852,7868
7857,7858,7859,7868
7874
7838,7874
7840,7841,7874
7846,7847,7848,7874
7860,7861,7862,7863,7874
7881
7812,7881
7814,7815,7881
7820,7821,7822,7881
7834,7835,7836,7837,7881
7864,7865,7866,7867,7868,7881
8144
7755,8144
7757,7758,8144
7763,7764,7765,8144
7777,7778,7779,7780,8144
7807,7808,7809,7810,7811,8144
7869,7870,7871,7872,7873,7874,8144
8130
7885
8131
7883,8131
7891
7889
7892
7887,7892
8132
7886,8132
7888,7889,8132
7905
7896
7906
7894,7906
7902
7900
7903
7898,7903
7907
7897,7907
7899,7900,7907
8133
7893,8133
7895,7896,8133
7901,7902,7903,8133
7935
7911
7936
7909,7936
7917
7915
7918
7913,7918
7937
7912,7937
7914,7915,7937
7931
7922
7932
7920,7932
7928
7926
7929
7924,7929
7933
7923,7933
7925,7926,7933
7938
7919,7938
7921,7922,7938
7927,7928,7929,7938
8134
7908,8134
7910,7911,8134
7916,7917,7918,8134
7930,7931,7932,7933,8134
7997
7942
7998
7940,7998
7948
7946
7949
7944,7949
7999
7943,7999
7945,7946,7999
7962
7953
7963
7951,7963
7959
7957
7960
7955,7960
7964
7954,7964
7956,7957,7964
8000
7950,8000
7952,7953,8000
7958,7959,7960,8000
7992
7968
7993
7966,7993
7974
7972
7975
7970,7975
7994
7969,7994
7971,7972,7994
7988
7979
7989
7977,7989
7985
7983
7986
7981,7986
7990
7980,7990
7982,7983,7990
7995
7976,7995
7978,7979,7995
7984,7985,7986,7995
8001
7965,8001
7967,7968,8001
7973,7974,7975,8001
7987,7988,7989,7990,8001
8135
7939,8135
7941,7942,8135
7947,7948,7949,8135
7961,7962,7963,7964,8135
7991,7992,7993,7994,7995,8135
8123
8005
8124
8003,8124
8011
8009
8012
8007,8012
8125
8006,8125
8008,8009,8125
8025
8016
8026
8014,8026
8022
8020
8023
8018,8023
8027
8017,8027
8019,8020,8027
8126
8013,8126
8015,8016,8126
8021,8022,8023,8126
8055
8031
8056
8029,8056
8037
8035
8038
8033,8038
8057
8032,8057
8034,8035,8057
8051
8042
8052
8040,8052
8048
8046
8049
8044,8049
8053
8043,8053
8045,8046,8053
8058
8039,8058
8041,8042,8058
8047,8048,8049,8058
8127
8028,8127
8030,8031,8127
8036,8037,8038,8127
8050,8051,8052,8053,8127
8117
8062
8118
8060,8118
8068
8066
8069
8064,8069
8119
8063,8119
8065,8066,8119
8082
8073
8083
8071,8083
8079
8077
8080
8075,8080
8084
8074,8084
8076,8077,8084
8120
8070,8120
8072,8073,8120
8078,8079,8080,8120
8112
8088
8113
8086,8113
8094
8092
8095
8090,8095
8114
8089,8114
8091,8092,8114
8108
8099
8109
8097,8109
8105
8103
8106
8101,8106
8110
8100,8110
8102,8103,8110
8115
8096,8115
8098,8099,8115
8104,8105,8106,8115
8121
8085,8121
8087,8088,8121
8093,8094,8095,8121
8107,8108,8109,8110,8121
8128
8059,8128
8061,8062,8128
8067,8068,8069,8128
8081,8082,8083,8084,8128
8111,8112,8113,8114,8115,8128
8136
8002,8136
8004,8005,8136
8010,8011,8012,8136
8024,8025,8026,8027,8136
8054,8055,8056,8057,8058,8136
8116,8117,8118,8119,8120,8121,8136
8145
7882,8145
7884,7885,8145
7890,7891,7892,8145
7904,7905,7906,7907,8145
7934,7935,7936,7937,7938,8145
7996,7997,7998,7999,8000,8001,8145
8122,8123,8124,8125,8126,8127,8128,8145
8155
7635,8155
7637,7638,8155
7643,7644,7645,8155
7657,7658,7659,7660,8155
7687,7688,7689,7690,7691,8155
7749,7750,7751,7752,7753,7754,8155
7875,7876,7877,7878,7879,7880,7881,8155
8129,8130,8131,8132,8133,8134,8135,8136,8155
8166
7133,8166
7135,7136,8166
7141,7142,7143,8166
7155,7156,7157,7158,8166
7185,7186,7187,7188,7189,8166
7247,7248,7249,7250,7251,7252,8166
7373,7374,7375,7376,7377,7378,7379,8166
7627,7628,7629,7630,7631,7632,7633,7634,8166
8137,8138,8139,8140,8141,8142,8143,8144,8145,8166
8178
6120,8178
6122,6123,8178
6128,6129,6130,8178
6142,6143,6144,6145,8178
6172,6173,6174,6175,6176,8178
6234,6235,6236,6237,6238,6239,8178
6360,6361,6362,6363,6364,6365,6366,8178
6614,6615,6616,6617,6618,6619,6620,6621,8178
7124,7125,7126,7127,7128,7129,7130,7131,7132,8178
8146,8147,8148,8149,8150,8151,8152,8153,8154,8155,8178
8191
4084,8191
4086,4087,8191
4092,4093,4094,8191
4106,4107,4108,4109,8191
4136,4137,4138,4139,4140,8191
4198,4199,4200,4201,4202,4203,8191
4324,4325,4326,4327,4328,4329,4330,8191
4578,4579,4580,4581,4582,4583,4584,4585,8191
5088,5089,5090,5091,5092,5093,5094,5095,5096,8191
6110,6111,6112,6113,6114,6115,6116,6117,6118,6119,8191
8156,8157,8158,8159,8160,8161,8162,8163,8164,8165,8166,8191
8192
1,8192
3,4,8192
9,10,11,8192
23,24,25,26,8192
53,54,55,56,57,8192
115,116,117,118,119,120,8192
241,242,243,244,245,246,247,8192
495,496,497,498,499,500,501,502,8192
1005,1006,1007,1008,1009,1010,1011,1012,1013,8192
2027,2028,2029,2030,2031,2032,2033,2034,2035,2036,8192
4073,4074,4075,4076,4077,4078,4079,4080,4081,4082,4083,8192
8167,8168,8169,8170,8171,8172,8173,8174,8175,8176,8177,8178,8192
8179,8180,8181,8182,8183,8184,8185,8186,8187,8188,8189,8190,8191
end
